             0 656.195092941 1556.30331234  1352.7808396 1660.86724334 991.104434457 418.243947954 1874.03735288 1396.82497114 1233.09691428        1276.0        1044.0 844.492747157  883.42968028 836.487895908  259.38388539 1476.43895912 2132.63405206 1611.52350278 1148.34141265 1560.62038946 1415.96045143 1401.63333294 1249.35823526 3321.73448668 2284.93501002 1774.45879073 3764.19553158 3792.68559203 1453.47583399 1628.13758632 4114.32230142 3528.00226757 1888.34318915 1165.78557205 1037.53554156  883.42968028        2320.0 2132.63405206 1724.46397469 1069.46715705        2320.0 1648.66976681  2167.0588363 2498.71647051 4153.38319927 3268.64865044 3535.62215176 3603.47609955 1050.42467602 1069.46715705 2091.21973977 3411.66235141 2065.32128251 3266.58965896 1982.20886891 1640.48773235 2624.78037176 3235.54755799  2678.0679603 2698.09117711 2864.98865617 9304.61734839 2708.04726694 5833.54300576 3395.84923105  2678.0679603 3603.47609955 5020.26772194 4537.36487402 4158.24001231 1870.44379761 2805.66569641 2737.69830332 4547.73262187 3506.96221822 2391.40126286 3381.95209901 2311.28362604 2479.79676587  4915.9918633 6808.51819414 6827.26768188 4697.64196167 7345.64905233 7488.96574969 7446.62178441 7631.35427038 6089.72380326 2348.82098083 2705.56167921 6406.30938997 4778.58054238 4518.04736584 4277.86862818 6704.96055171 5926.22645534 12003.6181212        7540.0 2138.93431409 11020.6105094 10722.9436257 2645.20698623 7007.20657609 591.486263577  883.42968028 9752.97205984 1094.34181132 6433.55702547 5851.96719061 6564.00121877 6149.09424224 3899.39482484         812.0 1100.47262574 2422.15111007 4111.05047403  3642.4738846 8622.31987344 820.243866176 1556.30331234 3640.62631974  4721.9267254 2345.95481627 5096.08477167  5911.4492301        6612.0
 656.195092941             0 1870.44379761 1995.73946195 1165.78557205 1611.52350278 844.492747157 2490.62562422 1944.51433525 1357.74518964 1800.80426477 1577.77057901  778.15165617 1281.26187799 1485.52482308 624.679117628 2132.63405206   2788.829145 2252.31258932 1804.53650559 2216.17688825 2065.32128251 2029.17125941 1870.44379761 3601.60852953  2593.8388539 2207.05052049 3945.70551359 4079.83725166 1755.39853025 2116.80136054  4417.1484014 3778.46741418        1972.0 905.988962405 1037.53554156  883.42968028 2498.71647051 2231.30455115 1560.62038946 1296.91942695        2320.0 1712.71947499 1628.13758632 1913.12101029 3506.96221822 2650.28904084 2881.38022482 2964.24830269 676.390419802 418.243947954 1660.86724334 2767.03162252 1415.96045143 2786.41561868 1411.20090703 984.292639412 2705.56167921 3612.79946856 3036.01054017 2982.35075067 3185.25101052 9953.04335367 2767.03162252 5559.53523237 3044.86190163 3274.81785753 4247.88135428 5674.52271121 5179.89034633 4772.94542185 2509.46368772 3443.07072248 3387.91499303  5199.3368808 4153.38319927 3044.86190163 3994.84868299 2909.26519932 3044.86190163 5514.57704634  7377.6364779 7373.07534208 5300.57808168 7923.74255008 8070.13258875 8037.55286141 8228.64460285 6072.02108033  2690.5999331 2934.59366864 6406.30938997        4292.0 3862.99158684 3964.41773783 7341.06804219 5908.03385231 11976.6840152 7475.47777737 2188.68362264 11489.2715174 11237.6403217 2100.84935205  7315.3613718 1194.29309635 1512.45495801 9131.63906426        1740.0 7056.00453515 6422.04328855 5908.03385231 5502.36312869 3787.36003042 1357.74518964 997.869730977 2793.64994228 4697.64196167 2993.60919293 9277.82474506 1050.42467602 956.560505143 3856.01867215  4571.3420349 1859.62146686 5179.89034633 6492.89211369 6165.48457139
 1556.30331234 1870.44379761             0 1411.20090703        1972.0 1142.46750501 1142.46750501 1434.84075771         812.0 624.679117628 705.600453515 2228.28723463 1165.78557205 2302.53425599  1352.7808396 1815.68719773 1774.45879073 2207.05052049        1508.0 1615.69304015 1755.39853025  1525.7417868 1281.26187799 1182.97252715        4640.0 3623.95584962 2993.60919293 5173.39192407 5084.18882419 2872.02506953 2767.03162252 5373.69295736 4873.38075672 3411.66235141  2678.0679603  2593.8388539 2438.76034083  3776.6863783  3642.4738846 3274.81785753  2575.6179841 3861.24953869 3185.25101052 3481.93279659 3719.24293372 4666.02700378  3642.4738846 4203.29965622 4086.42826928 1547.63303144 2091.21973977  2052.2494975 3959.32317448 3071.26293241 3088.73825372 2388.58619271  2593.8388539 1249.35823526 1743.86237989 1165.78557205 1142.46750501 1322.60349311  9182.3360862 1357.74518964 4884.41275897 2824.78459356 1902.54145816 3123.39558814 4635.64795902 3967.81047935        3364.0 1640.48773235 2334.45496851 2457.99593165  4512.0868786  3642.4738846 2554.63500328 3829.75717246 2982.35075067 3266.58965896 5341.04109701 7311.68161232 7427.62411542 5109.27000657 6279.01903166 6433.55702547 6434.60270724  6647.5186348 4697.64196167 820.243866176        1160.0 4989.34865488 6152.37580127 5291.68555377        5800.0 5992.83438783 7447.52522654 13515.8668238 6187.27080384         928.0 11812.6508456 11373.3252833        3944.0 5466.78845393 1148.34141265 1194.29309635 10753.0185529 1357.74518964 5616.12535473 4772.94542185 7175.14153171 6580.38053611 2730.31573266 905.988962405 1100.47262574         928.0 4645.79637952 4217.68087935 8190.12576216 820.243866176 2200.94525148 5020.26772194 6277.94743527 2380.12100533 3612.79946856  6384.2167883 8034.20388091
  1352.7808396 1995.73946195 1411.20090703             0 2767.03162252 418.243947954 1233.09691428         580.0 624.679117628 1660.86724334 705.600453515 1211.07555503 1770.66315261 1512.45495801  518.76777078        1508.0  366.82420858  883.42968028  259.38388539  366.82420858         348.0         116.0 164.048773235         232.0 3448.92794938 2509.46368772  1834.1210429        4060.0 3856.01867215 1944.51433525 1577.77057901 4114.32230142 3699.29074283 2617.07928806 2391.40126286 2100.84935205 2002.47047419 2803.26666587   2788.829145 2786.41561868 1859.62146686 3095.26606288 2460.73159853 3489.65327791 3840.28332288 5423.54275359 4477.66010322 4840.13388245 4856.78576839 2157.72472758 2391.40126286 3062.48787753 4681.86116838 3411.66235141 4222.46373578 3155.54115803 2971.04964617 2645.20698623 2482.50840885  2052.2494975 2252.31258932 2302.53425599 8078.46520077 2757.28852317 6290.79454441 4119.22516986 1396.82497114 2252.31258932 3692.00866738 3185.25101052 2824.78459356  518.76777078 1453.47583399 1396.82497114  3323.7593174 2348.82098083 1211.07555503 2438.76034083 1577.77057901 1874.03735288 3971.20032232 5934.16818097        6032.0 3740.88759521 6052.04362179 6190.53212575 6134.85386949 6311.08231605 6018.60050178  1834.1210429 2388.58619271 6287.58522805 6028.65291753 5851.96719061 5341.04109701 5352.36620571 6489.78273904 12487.1184827 7522.13267631  2331.5711441 10402.5550708 9976.67439581 3964.41773783 6230.61473693 820.243866176 492.146319706 11102.7211079  259.38388539 5088.15723028 4577.22536041  7876.0497713 7411.30164006 4140.40384504  778.15165617 1920.14166144 1811.97792481        3248.0 4924.19658422 7300.63120559 1401.63333294 2793.64994228 3876.89979236 5544.99413886 3371.99051007  4858.1708492 5009.53490855  7803.1019473
 1660.86724334 1165.78557205        1972.0 2767.03162252             0 2348.82098083 1556.30331234 3121.24077892 2460.73159853  1352.7808396 2296.68282529  2690.5999331 997.869730977        2436.0 2334.45496851 1743.86237989 3009.30025089 3640.62631974 2993.60919293 2698.09117711 3064.68399676 2864.98865617 2737.69830332  2575.6179841        4756.0 3757.03925984        3364.0 5064.30014908 5234.15857612 2920.80536839 3256.27517265  5574.0383924 4924.19658422  3082.1966193 1920.14166144  2167.0588363  2025.8529068  3633.2266651 3339.91377134 2546.72181441 2460.73159853 3371.99051007 2824.78459356 2029.17125941 2091.21973977 2717.96688722 1724.46397469 2231.30455115 2138.93431409 624.679117628  883.42968028  518.76777078 1995.73946195 1322.60349311        1624.0 418.243947954 935.221898803 2216.17688825 3573.47785777 3011.53515669 2822.40181406 3071.26293241 10845.2245712 2231.30455115 4462.60910231 1920.14166144 3787.36003042 4924.19658422 6416.80294228 5824.30905773 5290.41397246 3225.13379567 4104.49899501 4130.64256503 6087.51377822 5084.18882419        3944.0  5025.6255332 3967.81047935 4140.40384504 6567.07545259 8468.79448328 8487.04707186  6346.1648261 8249.06006767 8404.19799862 8406.59931244 8619.19810655 5245.71444133  2678.0679603  2678.0679603 5598.12682957 4558.07678742 3321.73448668 4600.68342749 7916.94688627 6867.55269365 12890.6223279 6570.14824795        1740.0 12646.1282613 12374.5416077 2391.40126286  6994.7134323        1972.0  2287.8776191 8803.78100591 2546.72181441 7564.94335736 6743.98102014        5220.0 4676.10949401        2900.0 1995.73946195 905.988962405 2824.78459356 5768.59497625 2252.31258932 10019.0698171 1396.82497114 418.243947954 4989.34865488 5413.60951676         696.0        4524.0  7569.3888789 6471.09511598
 991.104434457 1611.52350278 1142.46750501 418.243947954 2348.82098083             0 820.243866176  883.42968028  518.76777078 1281.26187799 492.146319706        1160.0  1352.7808396 1357.74518964  259.38388539 1182.97252715 705.600453515 1296.91942695 656.195092941 478.280252572 733.648417159  518.76777078 418.243947954  259.38388539 3535.62215176 2544.07861514 1888.34318915 4104.49899501 3967.81047935 1870.44379761 1648.66976681 4247.88135428  3776.6863783 2498.71647051 2100.84935205 1859.62146686        1740.0 2767.03162252 2698.09117711 2562.52375599 1688.98549431 2973.31330337 2311.28362604 3155.54115803 3489.65327791 5009.53490855        4060.0 4432.35377649 4441.45201483        1740.0 1995.73946195 2650.28904084 4268.42172237 3024.90991601 3815.67713519 2737.69830332  2575.6179841 2391.40126286 2490.62562422 1995.73946195 2132.63405206 2228.28723463 8496.55459583 2498.71647051 5971.46548177 3740.88759521 1688.98549431 2645.20698623 4101.21933088 3573.47785777 3168.30806583 905.988962405  1834.1210429 1804.53650559 3740.88759521 2757.28852317 1615.69304015 2805.66569641 1870.44379761 2138.93431409 4348.06623685 6302.54805614  6384.2167883 4119.22516986 6358.87411418 6501.17650891 6456.52290324 6640.43010655 5828.92786025 1724.46397469 2228.28723463 6112.88082658 5741.70706323 5453.23390292 5136.84883951 5729.97731235 6467.97526279  12504.886085  7323.6340706  2025.8529068 10722.9436257 10324.6516648  3633.2266651 6279.01903166 418.243947954         116.0 10738.6181606         232.0 5447.06159319 4869.23731194 7468.27423171 6995.67523546 3856.01867215  366.82420858        1508.0        1740.0 3603.47609955  4512.0868786 7710.29234206 991.104434457 2380.12100533 3937.17055765 5430.98075857 2957.43131788 4710.51419699  5381.1998662 7548.02649704
 418.243947954 844.492747157 1142.46750501 1233.09691428 1556.30331234 820.243866176             0 1672.97579182 1100.47262574 836.487895908 956.560505143 1322.60349311 591.486263577 1254.73184386  778.15165617 676.390419802 1453.47583399 2091.21973977 1476.43895912 1142.46750501 1512.45495801 1322.60349311 1233.09691428 1069.46715705 3684.71220043 2647.74923284 2091.21973977 4153.38319927 4150.14216624  1834.1210429 1913.12101029 4464.11648594 3899.39482484 2302.53425599 1547.63303144 1453.47583399 1296.91942695 2717.96688722 2544.07861514 2132.63405206 1476.43895912 2737.69830332 2065.32128251 2460.73159853 2757.28852317 4190.47491342 3250.07076846 3612.79946856 3623.95584962 935.221898803 1194.29309635 1913.12101029 3448.92794938 2231.30455115 3095.26606288 1930.62476934 1770.66315261 2216.17688825 2843.77495593 2279.03839371 2284.93501002 2457.99593165 9298.10733429 2302.53425599 5514.57704634 3134.14741198 2438.76034083 3460.61266252 4921.46319706 4385.04549577        3944.0 1724.46397469 2645.20698623 2624.78037176 4537.36487402 3528.00226757 2388.58619271 3489.65327791 2460.73159853 2670.52054851 5036.32405629 6961.93306489 7007.20657609 4812.25269494 7079.80225713 7226.53001101 7195.74096254 7388.57171583 5688.73272355 1944.51433525  2287.8776191 6001.80906061 5109.27000657        4640.0 4670.35073629 6531.11935276 6341.92273684 12418.5029694 7146.95571555        1740.0 11261.5629466 10926.1901869 2936.88542507 6602.83575443 418.243947954 742.762411542 9965.20346004 997.869730977 6230.61473693    5577.65829 6648.53066474 6178.56552931 3528.00226757  518.76777078         812.0  2025.8529068 4254.21203045 3692.00866738 8530.53620823 418.243947954 1560.62038946 4021.70511102 5138.15842496 2200.94525148 4681.86116838 6052.04362179 6963.86559319
 1874.03735288 2490.62562422 1434.84075771         580.0 3121.24077892  883.42968028 1672.97579182             0 676.390419802 1870.44379761 836.487895908 1774.45879073 2132.63405206 2091.21973977 1069.46715705 2055.52523701  778.15165617 844.492747157  366.82420858 935.221898803 676.390419802 591.486263577 478.280252572 624.679117628 3897.66904701 3009.30025089 2334.45496851 4537.36487402 4277.86862818 2504.09584481 2075.07108312  4512.0868786 4153.38319927 3185.25101052 2957.43131788  2678.0679603  2575.6179841 3339.91377134   3347.961768 3365.99940582 2438.76034083 3662.73558969 3036.01054017 4035.06629437 4372.75382339 5824.30905773 4845.69086922  5272.5796343 5249.56074353 2544.07861514 2864.98865617 3345.95158363 5088.15723028 3899.39482484 4462.60910231 3528.00226757 3443.07072248 2554.63500328  2052.2494975 1712.71947499 1982.20886891        1972.0 7785.83842627 2670.52054851        6264.0 4255.79322806 820.243866176 1804.53650559 3297.33953362 2717.96688722 2284.93501002  259.38388539 984.292639412 1037.53554156  3082.1966193 2216.17688825 1182.97252715 2479.79676587  1834.1210429 2157.72472758 3945.70551359 5917.13714561 6059.82045939 3713.81205771 5486.44438594 5626.89683573    5577.65829 5759.25689651 5773.25835209 1577.77057901  2167.0588363 6019.71826583 6598.75867114 6311.08231605   5920.547272  4858.1708492 7003.36490553 12965.5623866 7281.25263948 2345.95481627 10489.5048501 10000.2495969  4512.0868786 5729.97731235 1296.91942695 991.104434457 11620.8612417 820.243866176 4565.45112776 4004.94094838  8304.3362167 7796.20112619 4066.62316917        1160.0 2228.28723463        1508.0 3299.37933557 5337.26072063 6897.85589876 1724.46397469 3208.40147114 4343.42169263 6105.17157826  3668.2420858 4565.45112776 4989.34865488 8380.94982684
 1396.82497114 1944.51433525         812.0 624.679117628 2460.73159853  518.76777078 1100.47262574 676.390419802             0 1194.29309635 164.048773235 1672.97579182 1485.52482308 1874.03735288  778.15165617        1624.0 991.104434457 1396.82497114         696.0 905.988962405 956.560505143 733.648417159 478.280252572 418.243947954 4020.03184067 3044.86190163 2380.12100533 4605.06851198 4441.45201483 2388.58619271 2132.63405206 4710.51419699 4265.26810412        3016.0        2552.0 2345.95481627 2216.17688825 3283.02543396 3216.77851274 3051.48357361 2200.94525148 3489.65327791 2824.78459356 3548.91758146 3856.01867215 5173.39192407 4184.04780087        4640.0 4596.29415943 1902.54145816 2284.93501002 2670.52054851 4441.45201483 3321.73448668 3787.36003042 2872.02506953 2853.22273929  2025.8529068        1972.0 1485.52482308 1648.66976681 1724.46397469 8461.64144832 2138.93431409 5694.64309681 3601.60852953  1352.7808396 2466.19382855 3967.81047935        3364.0 2864.98865617 844.492747157 1648.66976681 1712.71947499 3748.07470577 2843.77495593 1743.86237989 3018.22994485 2200.94525148 2498.71647051 4529.94481203 6500.14153692 6616.06892346 4298.26569677 5979.34712155  6126.0741099 6096.34907137 6290.79454441  5397.4290176 1233.09691428 1770.66315261 5669.77812617 6175.29788755 5694.64309681 5626.89683573 5475.39660664  6984.1248557 13015.2827092 6899.80637409        1740.0 11007.7827013  10561.734706 4026.72075019 5760.42498432         812.0 624.679117628 11059.6130131 656.195092941 5152.54189697 4477.66010322 7663.90500985 7136.59302469 3528.00226757 591.486263577 1560.62038946 1233.09691428 3835.02385912  4693.3433712 7562.27479004 1069.46715705  2575.6179841 4432.35377649 5946.62660674 2993.60919293 4247.88135428 5572.83123735 8004.84053558
 1233.09691428 1357.74518964 624.679117628 1660.86724334  1352.7808396 1281.26187799 836.487895908 1870.44379761 1194.29309635             0 1037.53554156 2132.63405206 591.486263577 2091.21973977 1396.82497114 1476.43895912 1985.60016116 2533.47824147  1834.1210429        1740.0 2002.47047419 1774.45879073 1577.77057901 1434.84075771 4518.04736584 3481.93279659 2909.26519932 4989.34865488 4981.25124843 2670.52054851 2715.49037929 5291.68555377 4734.73293861 3116.92669147 2231.30455115 2228.28723463 2065.32128251 3550.81286468        3364.0 2864.98865617 2302.53425599 3535.62215176 2872.02506953 2920.80536839        3132.0        4060.0 3044.86190163 3582.87928906        3480.0 935.221898803 1512.45495801 1485.52482308 3345.95158363 2460.73159853  2593.8388539 1770.66315261 1985.60016116 1396.82497114 2322.89818976 1743.86237989 1640.48773235 1859.62146686 9655.91135005 1476.43895912 4731.89010861 2460.73159853 2460.73159853  3642.4738846 5151.23596819 4518.04736584 3950.81763689  2025.8529068 2831.92090285 2906.95166798 4935.11499359  3999.8979987 2869.68151543 4086.42826928 3134.14741198 3381.95209901 5626.89683573 7583.59703571 7663.90500985  5397.4290176 6902.73105372 7056.95798485 7056.00453515 7267.37916996 4856.78576839 1396.82497114 1577.77057901 5173.39192407 5587.29988456 4668.90993702 5322.11236259 6580.38053611 7147.89703339  13226.543615 6311.08231605 905.988962405 11983.9846462  11602.319768 3371.99051007 5964.70150133 1069.46715705        1276.0 10128.6002982 1512.45495801 6217.64328343 5396.18235422 6567.07545259 5992.83438783 2698.09117711         928.0 478.280252572  1525.7417868 4884.41275897 3603.47609955 8733.19002427 418.243947954 1577.77057901  4858.1708492  5889.7850555 1811.97792481 3876.89979236 6661.67306313 7481.77519042
        1276.0 1800.80426477 705.600453515 705.600453515 2296.68282529 492.146319706 956.560505143 836.487895908 164.048773235 1037.53554156             0 1648.66976681 1322.60349311 1815.68719773 742.762411542 1512.45495801 1069.46715705  1525.7417868 820.243866176 935.221898803 1050.42467602 820.243866176         580.0 478.280252572 4026.72075019 3036.01054017 2380.12100533 4596.29415943 4456.57446925 2348.82098083 2138.93431409 4733.31173704 4268.42172237 2957.43131788 2438.76034083 2252.31258932 2116.80136054 3250.07076846 3166.18382284 2957.43131788 2132.63405206 3427.40251503 2757.28852317 3413.63384094 3713.81205771 5009.53490855 4020.03184067 4477.66010322 4432.35377649        1740.0 2132.63405206 2509.46368772 4277.86862818 3168.30806583 3631.37439546 2708.04726694 2698.09117711 1944.51433525  2025.8529068 1512.45495801 1640.48773235        1740.0 8619.19810655 2055.52523701 5587.29988456 3460.61266252 1512.45495801 2629.90189931 4130.64256503 3528.00226757 3024.90991601 991.104434457 1811.97792481 1870.44379761 3899.39482484 2982.35075067 1870.44379761        3132.0 2279.03839371 2567.76946006 4653.03169987 6621.15156147 6728.99992569 4421.71550419  6126.0741099 6273.65921931 6246.79117628 6442.96205173 5352.36620571 1233.09691428        1740.0 5631.67754759 6049.81983203 5534.06324503 5530.41481265 5637.64773642 6949.35853155 12992.5178468 6850.87789995 1628.13758632 11107.5678706 10674.5214413 3890.75828085 5818.53039865 705.600453515         580.0 10906.4678058 676.390419802 5311.98945782 4622.56725208 7500.63570639  6972.5553422 3435.24555163         464.0 1396.82497114 1254.73184386 3945.70551359 4529.94481203 7725.98317368 905.988962405 2413.80363742 4429.31687735 5880.63942102 2831.92090285 4222.46373578 5694.64309681        7888.0
        1044.0 1577.77057901 2228.28723463 1211.07555503  2690.5999331        1160.0 1322.60349311 1774.45879073 1672.97579182 2132.63405206 1648.66976681             0 1870.44379761 418.243947954 905.988962405 956.560505143        1044.0 1577.77057901 1411.20090703 844.492747157        1160.0 1182.97252715 1357.74518964 1296.91942695 2413.80363742 1396.82497114  778.15165617 2952.87791824 2864.98865617 733.648417159 591.486263577 3166.18382284 2645.20698623 1411.20090703 1485.52482308 1094.34181132 1069.46715705 1611.52350278 1577.77057901 1688.98549431 733.648417159 1888.34318915        1276.0 2645.20698623 3044.86190163 5036.32405629 4222.46373578 4377.36724527 4513.57773834 2091.21973977 1982.20886891 3134.14741198 4306.08499684 2831.92090285 4306.08499684 2982.35075067 2490.62562422 3443.07072248 3640.62631974 3155.54115803 3285.07412397 3387.91499303 8480.70280107 3541.32630521 6837.11518113 4432.35377649 2562.52375599 3155.54115803  4417.1484014 4073.23556893 3871.69007024 1628.13758632 2460.73159853 2279.03839371  3776.6863783 2708.04726694 1712.71947499 2447.02268073  1352.7808396 1467.29683432 3945.70551359        5800.0 5801.15988402 3735.48818764 7136.59302469 7267.37916996 7190.12878883 7348.39628763 6918.30846378 2881.38022482        3364.0  7215.3491946 4989.34865488  5272.5796343 4177.61080045 6246.79117628 5311.98945782 11344.8948871 8398.59226299 3009.30025089 9976.67439581 9684.43699964 3088.73825372 7418.56050727 1094.34181132 1069.46715705 10267.1468286 1037.53554156 6055.37777517 5694.64309681 7355.71723219  7022.5522426 4829.00072479 1322.60349311 2116.80136054        2900.0 3123.39558814 4518.04736584 7957.63381917 1724.46397469 2533.47824147 2793.64994228 4334.11767261 3381.95209901 5838.15450292  4915.9918633 6693.91365346
 844.492747157  778.15165617 1165.78557205 1770.66315261 997.869730977  1352.7808396 591.486263577 2132.63405206 1485.52482308 591.486263577 1322.60349311 1870.44379761             0 1724.46397469 1357.74518964 1037.53554156  2025.8529068 2647.74923284 1995.73946195 1724.46397469 2075.07108312 1870.44379761        1740.0 1577.77057901 4158.24001231 3123.39558814 2617.07928806 4575.75523821 4631.29182842 2284.93501002 2460.73159853 4955.52217228 4358.88426091 2645.20698623 1672.97579182 1724.46397469 1560.62038946 3123.39558814        2900.0        2320.0 1870.44379761 3036.01054017 2391.40126286  2331.5711441 2554.63500328 3692.00866738 2717.96688722 3155.54115803 3116.92669147 418.243947954         928.0 1322.60349311 2957.43131788 1913.12101029 2504.09584481 1396.82497114 1434.84075771 1930.62476934        2900.0        2320.0 2231.30455115 2447.02268073 9849.07630187 1995.73946195 4989.34865488 2562.52375599 2831.92090285 3937.17055765 5423.54275359 4845.69086922 4343.42169263 2228.28723463 3116.92669147 3134.14741198 5093.44362882 4099.57851492 2957.43131788 4079.83725166 3051.48357361 3256.27517265 5626.89683573 7553.37275659 7596.89304914  5402.4127943 7388.57171583        7540.0 7526.60348364 7730.33608584 5332.21604964        1972.0  2167.0588363 5660.27702502 5000.12479844 4217.68087935 4738.99398607        6960.0 6644.48162011 12720.3930757 6757.93341192 1415.96045143 11837.1165408 11512.6712799 2786.41561868 6555.79621404 991.104434457 1296.91942695 9628.69876982 1556.30331234   6628.260707 5880.63942102 6178.56552931 5665.02956744 3088.73825372 997.869730977  259.38388539 2091.21973977 4845.69086922 3208.40147114 9028.64596714 418.243947954 1094.34181132 4462.60910231 5341.04109701 1615.69304015 4409.52605163 6643.46897336 6892.00116077
  883.42968028 1281.26187799 2302.53425599 1512.45495801        2436.0 1357.74518964 1254.73184386 2091.21973977 1874.03735288 2091.21973977 1815.68719773 418.243947954 1724.46397469             0 1100.47262574 705.600453515 1411.20090703 1982.20886891        1740.0        1160.0  1525.7417868        1508.0 1640.48773235 1547.63303144 2438.76034083 1401.63333294         928.0        2900.0 2909.26519932         580.0 844.492747157 3231.38608031 2647.74923284 1142.46750501 1069.46715705 676.390419802 656.195092941 1476.43895912  1352.7808396 1296.91942695         348.0 1615.69304015 956.560505143 2228.28723463 2629.90189931 4668.90993702  3889.0286705  3999.8979987 4158.24001231 1870.44379761 1660.86724334 2909.26519932 3945.70551359 2447.02268073        4060.0  2690.5999331 2132.63405206 3460.61266252 3840.28332288  3323.7593174 3411.66235141 3541.32630521 8882.90402965 3550.81286468 6712.98324145 4254.21203045        2900.0 3558.38390284 4834.57050833 4480.66423647 4254.21203045 1975.40881845 2843.77495593  2678.0679603 4190.47491342 3121.24077892 2129.47693108 2831.92090285        1740.0 1815.68719773 4306.08499684  6126.0741099 6105.17157826 4101.21933088 7514.07851969 7647.20707187 7575.60822641 7738.16515719 6938.70074293 3024.90991601 3460.61266252 7247.91169924 4588.96938321 4873.38075672 3829.75717246 6656.62136523 5151.23596819 11214.2666278 8400.99517914 2993.60919293 10210.6360233 9957.77404845 2670.52054851 7632.23584541        1160.0 1249.35823526 9849.07630187 1296.91942695 6456.52290324 6059.82045939        6960.0  6647.5186348 4777.17238542 1415.96045143 1982.20886891 3064.68399676  3476.1311828 4150.14216624 8375.32853087 1672.97579182 2231.30455115 2767.03162252 4073.23556893        3132.0 5905.75583647 5255.96499227 6316.41037299
 836.487895908 1485.52482308  1352.7808396  518.76777078 2334.45496851  259.38388539  778.15165617 1069.46715705  778.15165617 1396.82497114 742.762411542 905.988962405 1357.74518964 1100.47262574             0 991.104434457 676.390419802 1322.60349311  778.15165617  366.82420858 742.762411542         580.0 591.486263577         464.0 3297.33953362 2296.68282529 1648.66976681 3856.01867215 3735.48818764 1611.52350278 1415.96045143 4021.70511102 3535.62215176 2240.33211824 1888.34318915        1624.0 1512.45495801 2509.46368772 2438.76034083 2322.89818976 1434.84075771 2715.49037929 2055.52523701 2973.31330337 3321.73448668 4946.00930044 4021.70511102 4348.06623685 4385.04549577 1712.71947499 1888.34318915  2678.0679603 4203.29965622        2900.0 3856.01867215 2705.56167921 2466.19382855  2593.8388539 2749.95854514 2252.31258932 2380.12100533 2482.50840885 8525.80271881 2698.09117711 6121.67950811 3835.02385912 1888.34318915 2767.03162252 4190.47491342 3701.10902298 3339.91377134 1037.53554156        1972.0 1902.54145816 3764.19553158 2749.95854514 1611.52350278 2730.31573266        1740.0 1985.60016116 4277.86862818 6217.64328343   6281.161676  4051.7058136 6555.79621404   6695.923536 6644.48162011 6823.32470281 6049.81983203 1975.40881845 2466.19382855 6338.73930683 5530.41481265 5347.33578523 4894.04536146   5870.333551 6210.06408985 12249.9515101        7540.0 2200.94525148  10587.184706 10213.9300957 3448.92794938 6538.32639136  366.82420858 164.048773235 10584.0068027  259.38388539 5606.53333175 5073.59123304 7382.19479559 6938.70074293 4035.06629437 478.280252572 1547.63303144 1995.73946195  3510.7970605 4441.45201483 7796.20112619 1050.42467602        2320.0 3692.00866738 5173.39192407 2973.31330337 4946.00930044 5301.84722526 7322.71534337
  259.38388539 624.679117628 1815.68719773        1508.0 1743.86237989 1182.97252715 676.390419802 2055.52523701        1624.0 1476.43895912 1512.45495801 956.560505143 1037.53554156 705.600453515 991.104434457             0 1577.77057901 2228.28723463 1766.85936056 1254.73184386 1672.97579182 1556.30331234 1577.77057901 1434.84075771 3123.39558814 2091.21973977 1628.13758632 3541.32630521 3597.87048127 1249.35823526 1512.45495801 3925.19044124 3321.73448668 1640.48773235         928.0  778.15165617 624.679117628 2091.21973977 1888.34318915 1467.29683432 836.487895908 2065.32128251 1396.82497114 1982.20886891 2334.45496851 4119.22516986 3274.81785753        3480.0 3582.87928906 1165.78557205 1037.53554156 2207.05052049 3381.95209901 1968.58527882 3365.99940582  2025.8529068 1577.77057901 2872.02506953 3489.65327791 2934.59366864 2957.43131788 3123.39558814 9350.06053456 2952.87791824 6016.36435067 3548.91758146 2869.68151543 3740.88759521 5127.67237643 4676.10949401   4331.011891  2025.8529068 2957.43131788 2864.98865617 4605.06851198 3550.81286468 2460.73159853 3371.99051007 2284.93501002 2422.15111007 4889.91942674 6755.94197725 6756.93776795 4676.10949401        7540.0 7681.44257285 7633.11731863 7813.44175124 6329.17940969 2606.77578629 2964.24830269 6648.53066474 4561.02795431 4429.31687735 4026.72075019 6850.87789995 5674.52271121 11752.6950101 7772.86562344 2380.12100533 10904.6170038 10632.8412007 2457.99593165  7264.6012967         812.0 1069.46715705  9600.7083072 1249.35823526 6595.69920478 6052.04362179 6492.89211369 6112.88082658 4119.22516986 1050.42467602 1296.91942695  2678.0679603 4073.23556893 3603.47609955 8719.31189946 1069.46715705 1577.77057901 3425.43894997 4462.60910231 2438.76034083 5347.33578523 5869.18733727 6381.05445832
 1476.43895912 2132.63405206 1774.45879073  366.82420858 3009.30025089 705.600453515 1453.47583399  778.15165617 991.104434457 1985.60016116 1069.46715705        1044.0  2025.8529068 1411.20090703 676.390419802 1577.77057901             0 656.195092941 418.243947954 328.097546471         116.0  259.38388539  518.76777078 591.486263577 3134.14741198 2231.30455115 1556.30331234 3764.19553158 3528.00226757 1755.39853025 1296.91942695  3776.6863783 3387.91499303 2447.02268073 2391.40126286 2055.52523701 1982.20886891 2567.76946006  2593.8388539 2708.04726694 1755.39853025 2920.80536839        2320.0 3528.00226757 3899.39482484 5616.12535473 4697.64196167 5009.53490855 5057.65321073 2388.58619271 2544.07861514 3339.91377134 4873.38075672 3535.62215176  4512.0868786 3381.95209901 3116.92669147 3011.53515669 2793.64994228 2391.40126286 2606.77578629 2645.20698623 7850.38088248 3123.39558814 6648.53066474 4445.99415204  1525.7417868 2179.44213045 3550.81286468 3112.60662468 2843.77495593 591.486263577 1434.84075771 1296.91942695 3088.73825372 2075.07108312 935.221898803 2100.84935205 1211.07555503        1508.0  3642.4738846 5598.12682957 5685.18355025 3413.63384094 6102.96714722 6236.01154585 6165.48457139 6330.24233343 6381.05445832 2188.68362264 2749.95854514  6647.5186348 5992.83438783 5992.83438783 5221.28872981 5291.68555377 6225.21324936 12193.8017041  7885.4407613  2690.5999331 10043.2154214        9628.0 3994.84868299 6505.31475026 1037.53554156 733.648417159 11165.5649208 478.280252572 5064.30014908 4653.03169987 8040.06368134 7610.16583262 4504.62517864 1069.46715705 2200.94525148 2157.72472758 2902.31907274 5109.27000657 7147.89703339 1688.98549431 2993.60919293 3573.47785777 5347.33578523 3640.62631974 5213.55157258 4676.10949401 7726.85395229
 2132.63405206   2788.829145 2207.05052049  883.42968028 3640.62631974 1296.91942695 2091.21973977 844.492747157 1396.82497114 2533.47824147  1525.7417868 1577.77057901 2647.74923284 1982.20886891 1322.60349311 2228.28723463 656.195092941             0 705.600453515 984.292639412         580.0  778.15165617 956.560505143 1100.47262574 3268.64865044 2504.09584481 1870.44379761 3945.70551359 3603.47609955 2216.17688825 1628.13758632 3805.08291631 3528.00226757 2909.26519932 3009.30025089 2650.28904084  2593.8388539 2920.80536839        3016.0 3266.58965896 2311.28362604 3365.99940582 2822.40181406 4158.24001231 4537.36487402 6268.29482395 5341.04109701 5665.02956744 5707.62437447 3024.90991601     3200.0025 3945.70551359 5525.54648881 4190.47491342 5105.31801164 4021.70511102 3773.12178441 3381.95209901 2831.92090285 2544.07861514 2824.78459356 2803.26666587 7206.95219909 3497.35671615 7079.80225713 4982.60173002 1254.73184386 1577.77057901        2900.0 2498.71647051 2322.89818976 591.486263577 935.221898803 705.600453515 2447.02268073 1467.29683432         348.0 1640.48773235 1069.46715705 1396.82497114 3134.14741198 5105.31801164 5231.58713967 2902.31907274 5587.29988456  5713.5152052 5626.89683573 5779.08228009 6613.01746558 2422.15111007 3011.53515669 6854.80503005 6567.07545259 6648.53066474  5713.5152052 4676.10949401 6462.77216061 12334.2424169 8120.82852916 3134.14741198 9649.63833519 9175.73931626  4619.6553984        6380.0 1672.97579182  1352.7808396 11798.4032818 1094.34181132 4477.66010322 4177.61080045 8696.13247369 8261.28513005 4894.04536146 1660.86724334 2803.26666587 2348.82098083 2460.73159853 5762.76044965 6492.89211369 2284.93501002  3642.4738846 3735.48818764  5726.4537019 4254.21203045 5396.18235422 4177.61080045 8258.84156526
 1611.52350278 2252.31258932        1508.0  259.38388539 2993.60919293 656.195092941 1476.43895912  366.82420858         696.0  1834.1210429 820.243866176 1411.20090703 1995.73946195        1740.0  778.15165617 1766.85936056 418.243947954 705.600453515             0         580.0 328.097546471         232.0  259.38388539 418.243947954 3550.81286468 2647.74923284        1972.0 4182.43947954 3940.58675834 2138.93431409 1712.71947499 4184.04780087 3805.08291631 2822.40181406 2645.20698623 2345.95481627 2252.31258932 2973.31330337 2982.35075067 3024.90991601        2088.0 3299.37933557  2678.0679603 3748.07470577 4099.57851492 5665.02956744 4710.51419699 5088.15723028 5096.08477167 2391.40126286 2645.20698623 3268.64865044 4924.19658422  3668.2420858  4417.1484014 3387.91499303 3225.13379567 2708.04726694 2380.12100533 1995.73946195 2231.30455115 2252.31258932 7858.09035326 2822.40181406 6389.48386022 4277.86862818        1160.0 1995.73946195 3445.02423794 2927.70763568 2567.76946006  259.38388539 1194.29309635 1148.34141265 3112.60662468  2167.0588363 1050.42467602 2322.89818976 1556.30331234 1870.44379761 3835.02385912 5804.63814548   5920.547272 3603.47609955 5801.15988402 5938.70154158 5880.63942102 6055.37777517 6019.71826583 1815.68719773 2391.40126286 6277.94743527 6279.01903166 6105.17157826 5569.20820225 5093.44362882 6640.43010655 12612.0329844 7526.60348364        2436.0 10318.7851998 9866.13926518 4222.46373578 6087.51377822 1069.46715705 742.762411542 11362.0800913  518.76777078 4829.00072479   4331.011891 8124.14180083 7649.84601152 4216.08538813 997.869730977 2129.47693108 1770.66315261   3140.580838 5168.18730311 7054.09724912 1611.52350278 3036.01054017 3991.47892391 5739.36303086 3582.87928906 4834.57050833 4877.52068166 8045.08297036
 1148.34141265 1804.53650559 1615.69304015  366.82420858 2698.09117711 478.280252572 1142.46750501 935.221898803 905.988962405        1740.0 935.221898803 844.492747157 1724.46397469        1160.0  366.82420858 1254.73184386 328.097546471 984.292639412         580.0             0 418.243947954         348.0  518.76777078 492.146319706 3116.92669147 2157.72472758 1485.52482308 3713.81205771 3535.62215176 1577.77057901 1233.09691428 3805.08291631        3364.0 2252.31258932 2091.21973977 1774.45879073 1688.98549431 2438.76034083 2422.15111007 2447.02268073        1508.0 2730.31573266 2100.84935205 3216.77851274 3582.87928906 5290.41397246 4377.36724527 4681.86116838 4733.31173704 2075.07108312 2216.17688825 3044.86190163 4547.73262187 3208.40147114 4222.46373578 3064.68399676   2788.829145 2864.98865617 2831.92090285 2380.12100533 2554.63500328 2624.78037176 8172.85653857 2973.31330337 6447.13765946 4190.47491342        1740.0 2490.62562422 3876.89979236 3425.43894997 3123.39558814 820.243866176 1724.46397469 1611.52350278 3411.66235141 2388.58619271 1254.73184386 2365.94505431 1396.82497114 1660.86724334 3913.17364808 5856.56418047 5926.22645534 3686.53767104 6370.50202103 6506.34889934 6442.96205173 6613.01746558 6287.58522805 2138.93431409 2670.52054851 6566.05086791 5712.33752504 5665.02956744 4989.34865488 5602.93208954 6129.36799352 12136.2834509 7785.83842627 2504.09584481 10250.0950239  9862.7290341 3686.53767104 6591.61770736 733.648417159         464.0 10850.1863578  259.38388539 5363.66740207 4906.40234795 7712.03734431  7284.9477692 4334.11767261         812.0 1913.12101029 2132.63405206 3151.27402807 4782.80252572 7475.47777737 1411.20090703 2670.52054851 3535.62215176 5178.59131425 3339.91377134 5151.23596819  4939.2031746 7468.27423171
 1560.62038946 2216.17688825 1755.39853025         348.0 3064.68399676 733.648417159 1512.45495801 676.390419802 956.560505143 2002.47047419 1050.42467602        1160.0 2075.07108312  1525.7417868 742.762411542 1672.97579182         116.0         580.0 328.097546471 418.243947954             0         232.0 478.280252572         580.0 3225.13379567 2334.45496851 1660.86724334 3861.24953869 3612.79946856 1870.44379761 1401.63333294 3856.01867215        3480.0 2562.52375599 2498.71647051  2167.0588363 2091.21973977  2678.0679603 2708.04726694 2822.40181406 1870.44379761 3036.01054017        2436.0 3631.37439546  3999.8979987 5688.73272355 4761.65517441 5088.15723028 5127.67237643 2447.02268073 2624.78037176 3381.95209901 4946.00930044 3623.95584962 4549.21179986 3443.07072248     3200.0025 2982.35075067 2708.04726694        2320.0 2546.72181441  2575.6179841 7785.83842627 3095.26606288 6637.38984843 4462.60910231 1411.20090703 2075.07108312 3460.61266252 3009.30025089 2730.31573266 478.280252572 1322.60349311 1194.29309635 3024.90991601  2025.8529068  883.42968028 2091.21973977 1249.35823526 1556.30331234 3625.81190908 5587.29988456        5684.0 3395.84923105  5988.3420076 6121.67950811 6052.04362179 6217.64328343 6329.17940969 2129.47693108 2698.09117711 6591.61770736 6105.17157826 6078.66564305 5337.26072063  5187.6777078 6329.17940969 12289.9796582 7834.93918292  2678.0679603 10057.2735868 9628.69876982 4099.57851492 6406.30938997 1094.34181132  778.15165617 11266.9385372  518.76777078 4955.52217228 4537.36487402 8120.82852916 7681.44257285 4482.16554804 1100.47262574 2240.33211824 2091.21973977        2900.0 5183.78548939 7061.72330242 1724.46397469 3062.48787753  3668.2420858 5460.63146532 3686.53767104 5152.54189697  4663.1422882 7841.80591446
 1415.96045143 2065.32128251  1525.7417868         116.0 2864.98865617  518.76777078 1322.60349311 591.486263577 733.648417159 1774.45879073 820.243866176 1182.97252715 1870.44379761        1508.0         580.0 1556.30331234  259.38388539  778.15165617         232.0         348.0         232.0             0  259.38388539         348.0 3371.99051007 2447.02268073 1770.66315261 3991.47892391 3773.12178441 1913.12101029 1512.45495801 4026.72075019 3623.95584962  2593.8388539 2422.15111007 2116.80136054  2025.8529068 2757.28852317 2757.28852317 2793.64994228        1856.0 3071.26293241 2447.02268073 3533.71872112 3890.75828085 5510.91571338  4571.3420349 4921.46319706 4946.00930044 2252.31258932 2466.19382855 3168.30806583 4768.71471153        3480.0   4331.011891 3250.07076846 3044.86190163 2757.28852317 2554.63500328 2138.93431409 2348.82098083 2391.40126286 7980.42906115 2869.68151543 6406.30938997 4233.60272109        1392.0 2188.68362264 3612.79946856 3123.39558814   2788.829145 478.280252572 1401.63333294 1322.60349311 3223.04700555 2240.33211824 1100.47262574 2322.89818976 1467.29683432 1766.85936056 3856.01867215 5818.53039865        5916.0 3625.81190908 6028.65291753 6165.48457139 6105.17157826 6277.94743527 6121.67950811 1930.62476934 2490.62562422 6388.43079324 6052.04362179 5926.22645534 5337.26072063 5295.49846568 6434.60270724 12420.6698692 7626.06268005 2447.02268073 10287.4408868 9860.68232933 4006.62052109 6287.58522805 905.988962405         580.0 11156.5227558 328.097546471 5041.66480441 4561.02795431 7956.78829679 7500.63570639 4254.21203045  883.42968028  2025.8529068 1902.54145816        3132.0 5009.53490855 7220.00997229        1508.0 2881.38022482 3805.08291631 5514.57704634  3476.1311828 4955.52217228 4894.04536146   7814.302784
