             0 119.096459564 169.646338585 248.296384862 161.415513771 507.813201767 295.591235963 199.721420718 543.899144223 430.459685299 164.897955986  382.81288798 409.242565898 424.763555848 272.594990557 87.8305073503  155.95537603 187.435443386 225.609956903 200.943802859 249.181458832 301.272321449 331.159140212 284.805804121 354.110982329  243.88695832 201.610699307 220.965657256 304.450676802 242.062303519 175.511923298  404.19075696 265.428356594 149.137252565 197.829331831  417.00941759 299.543824772  330.65684187 65.2712960377 319.412425542 37.4889895535 325.194625166 206.729574498  313.14425665 97.8148235888 180.538288217 318.551594875 348.396600686 393.971307432 104.816733379 368.674911742 527.766932786 376.286148515 174.488425945 388.385306508 505.186795923  537.25614046 388.128324775 270.085863123 381.666942431 168.403273342 135.758002977  271.28414492 281.837131274 475.305325473 388.902824523  411.37971274 299.956250929 304.303305408 241.737212406  65.561078765 452.107794131 465.291167157 504.332611232 508.043728433 127.423355154 401.781972155 355.264551365 301.844276454 169.660465371  383.67365045 553.164443955 188.802890278 419.198657023 344.739568903 355.503696445 382.317921784 307.742533887 303.523985259 319.664557971 526.756142489 403.334070436 262.723942673 342.264268013 302.288060005 400.758717233 251.003922999 321.061091269 498.853192404 226.935701958 586.943346868 523.239036187 419.968513745 173.506873177 115.601486292 327.339851693 184.852837378 197.405011001 160.173787827 297.338586625 587.985406692  121.33800028 394.451540958 197.132059007 187.335938348 274.142170544 120.991474281 174.733059476 459.303074802 391.372381924 303.490300014  380.12514953 589.138802714 202.887231114 321.650909142 235.093683039 150.408997855 89.7601110194 166.569335036 81.6422313962
 119.096459564             0 139.191771736 130.370465229 274.630305649 390.345132806 365.447492209 137.566892377  467.84522935 323.264944897 282.241018696 309.004111774 313.076895907 317.649985732 230.133928076 191.206578558  112.54542956 109.097549752 198.161227041 86.7484751011 157.486517886 192.296844608 224.107244341 229.868710817 374.874682997 327.132432483 170.033599551 274.795827191 259.453924571 215.310241244 132.924832671 403.879248374 172.645054104 132.392983636 80.9912413561 410.122093953 189.152345383 235.943035912 105.992481313 207.518308003 114.123313713 206.108975834 223.047041057 195.012856982 213.193043553 74.1671042631 207.069228608 374.214134243 280.130227152 39.7729491485  249.60567011 442.396205928 259.596008413 74.8280985719 272.318248752 433.321007019 464.577635556 274.739594928 242.443253348 262.604208578  285.56993894 203.126524604 308.931068793 389.116032874 401.658022637 391.663013849 310.081370689 326.023752215  410.95364831 304.139103888 92.0135630132 339.485653095 372.235574866  414.48794343 419.367435695 246.515619861 359.178171691 307.289042801 228.244904058 59.2540750071  321.05991591 491.286934881 179.292344048 412.350743059 342.084853945  457.98992636 308.645224335 406.784868481 286.469495594 313.180355688 412.795039742 303.610750993 149.027855195 319.167917299 236.270727845 298.993612804 323.063354688 332.774066339 402.566512794 175.884514196 538.930197971 407.036192997 365.246320211 203.632593188 184.738508659 216.962371195 228.454546085 136.660259789 279.029184902 298.926227704 547.711228472  174.03042715 392.090447407 154.544481498 230.503435253 211.600407715 146.235824545  57.566205632 442.571149352 273.324982437 245.799317726 267.242770016 547.587223217  305.55413285 318.048068903 180.237298662 205.098660121 175.814087958 270.553030153 57.1983762243
 169.646338585 139.191771736             0 220.063304051 257.213757496 408.556947838 463.998648304 48.6276916275 596.088157685 300.707102105 278.672051343 441.290785935 262.324429563 295.224511955 369.317687335 177.276576418 249.960817629 68.0155640085 335.740034733 140.722780591 117.859920808 190.809846416 210.917306814 368.480905008  502.50345427 413.526256377 307.616654551 169.923759361  398.58220373 78.3227821851  271.04315233 538.732281673 131.274629275 264.754578311 189.109419934 546.531657613 193.264369867 357.701827933 105.424887641 213.932368564 134.759465171  262.98814643 349.135992083 237.659725146 215.826474355 114.464401907 211.954203519 499.714551041  367.74035339 103.397733449  299.83704705 564.906913965 337.759435823 208.056210995 289.825229665 564.235140721 594.663741591   364.1420388  106.59637713 311.114051259 316.849923328 135.511309149 427.726353599 442.458945122 532.204204679 252.577739726 271.853717734 450.690775587 465.031381867 407.732831356 104.368766798 426.976390252  489.83318383 533.915578625 539.696635113 264.279968846 498.123023399 186.008656936 362.750497672 121.063276655  457.03505618 625.581789124  43.588933088 548.767241627 202.899958812 518.805383815 440.999088692 473.741102289 423.693815469 173.998919993  492.65535532 416.548312318 175.833221028 457.537882951 372.840408422 262.750661461 419.491028264 463.201972311 515.845242161 315.073632699 676.502787783 415.968711419 502.571379573  322.83607251 129.201411202 318.830814057 341.862650109 45.8416944772 299.586804697 432.029051205 686.351981198 106.124338245 527.351687716 28.7813369677  125.15878235 349.395110753 70.9405195744 141.274867617 580.783851882 341.815397556 134.631392407 269.762995933 686.088953653  368.86605637 178.876658726 68.2895790624 311.064357275 146.435915426 332.822457037 105.868860178
 248.296384862 130.370465229 220.063304051             0 404.910116118 273.794560211 449.607592683 188.161224081 386.038488208 241.038951746 412.433882331 243.771450623 257.297489188 236.153645163 225.376537919 320.819753434 163.542098973 155.961463185 221.490513447 79.6100707771 152.372744562 127.644225951 156.784747134  208.64824368 413.787898003 424.578335955 200.013911874 383.666585149  243.85594798 276.159355304 170.625245628 418.318078945 158.186567398 195.825844908 50.7107433718 416.861079074 120.559985582 147.705024602 232.086979554 127.998375521 244.010377056 83.2320248039 281.482692826 85.7932025549  343.53578292 105.717952856  129.21266752 418.112038222 152.893455922 159.493883675 125.641344411 349.440492476 129.539306536 90.1553587941 166.372565278 359.017407882 387.359263901 148.213509035 296.615712236 138.480607467  411.02427587 323.405243127 370.932227975 503.735551732 327.146289379 455.336547055 243.491615804  375.47011733 524.558205174 387.189415051 218.412955101 212.898337125 272.162703952 316.747794119 323.006331145 375.380784896 329.812306158   327.8881008 179.481761233 102.168808889 270.301053103 426.486310102 263.332690985 418.922738499 405.331594046 566.775381745 243.666222937 513.697328395 298.518907236 376.172730758 284.284709469 197.764857388 84.2972608192 318.821738624 197.174640852 232.689177353 412.063211829 367.579667847 296.386990322 179.831689831 488.733892346 294.750491666 319.617588499 277.848120583 307.094465561 98.7850469144 307.444871516 189.364961778 406.797673702 328.513393207 506.332594189 292.110722579 405.503582512  218.62312833 337.816957107 185.208009068 258.339241994 84.9069785409 435.481552568 143.106400256 265.335182226 173.943607865  504.69758926 418.768831556 383.016945566 221.635293061 296.144406253 303.009730059 386.133902094  183.34038877
 161.415513771 274.630305649 257.213757496 404.910116118             0 650.247096625 328.679762316 303.336138755 696.588380819 555.009630353 31.1111363257 536.970074268 519.535283158 549.403030869 417.293240733 86.1878432647  311.46642563 307.039926573 367.061113594 346.309382729 368.555250203 434.213581924 459.960906567 434.450266144 443.133918646 264.898283271 347.770707898 177.284437598 448.359894365 299.005432208 328.691443396 509.270241936 383.801828498 296.944001523 355.480695161 527.068453466 434.398602138 491.323181098 178.124948778  455.35921931 161.142453265 476.879652156 322.975980624 460.511250669 63.8237700874 321.326706844 453.950845689 432.644457521 553.827186399 248.648427843 519.641293139 684.548189335 534.225402534 335.730533245 529.260866489 656.378380486 688.398138338 548.171018708 320.312106073 532.420835004 105.594144446 129.347794075 353.865290406 229.073336657 627.782402279 376.850758951 528.356549308 390.405906773 249.142976044 298.953620014 190.332171727 612.522324884 624.885241038 662.805686568 666.120824493 66.7669187636 539.417007531 412.855194643 457.797376442 314.649578483 532.954723491 698.215521516 247.051598416 529.074705185 347.464968372 305.472073086 536.431732853 275.775509417 430.674306533 332.447895409 686.684716912  564.41007051 403.847334675 470.411123501 455.605667819 518.896331425 290.603475109  422.93680365 659.073599701 378.526797921 722.416551966 662.070222358 564.078947354 286.699204914 129.007321953 488.154075964 281.853872327  300.51108246 79.4344379388 410.988377239 717.837586418 152.602460559 502.137447346  284.54656058 179.087848411 427.276681854  186.28021906 324.972026946 575.272076961 547.514696118 380.154426724 515.333179455 719.913526642 190.728260279 330.256130713 322.773217037  248.04401254 112.593091738 168.423588713 223.549525247
 507.813201767 390.345132806 408.556947838 273.794560211 650.247096625             0 720.322954036 360.170032116 475.309639232  136.55474095 664.221297574 410.327506119 203.978146788 139.414408625 464.485868222 564.142991549  435.44551891 346.622495122 478.416051298 307.150445079 290.842943789 218.368769758 198.659379529 438.675741601  662.74833276 698.114562275 462.669119757  572.68004097 470.211165384 416.454847316 439.208725955 647.275733753 278.572173651 467.877394391 321.408587089 638.617460652 217.010857578  324.92736921 472.473193058 195.947005963 493.141253308 190.579603001  548.05203698 195.478795086 594.786539694 329.977085841 197.637641503  670.19501001 209.191977998 405.337484292 149.641251945 419.961259489  188.99295002 363.922162575 120.991361003 472.365187298  487.10889732 214.905332464   419.0847791 137.651298586 675.699840828 541.841664456 635.062640858 776.008161185 448.923843864 549.356989113 177.385925162 633.117128016 797.184859387 658.385298802 461.015176928  212.03446978 351.640981778 384.648631052 392.674678632 633.988334578 523.600843277 382.586005865 392.837732014 338.826846135 449.891585115 544.408105332 439.816436436 640.313111289 509.486251556  840.38211068 410.667304316 787.413355872 538.195213576 487.213561559 208.818325255 302.004959066 246.835469902 545.472082814 414.084041077 178.642006362 684.371914405  616.72728655 345.336925004 433.898218907  624.19004041 29.7816070984 493.637981167 549.059566682 531.539706122 257.549499214 579.007653184 362.887395684 667.760927946 577.310661957 654.785067029 510.526526074 634.670206134  388.62897526 530.890513391 417.619894306 473.267342883 333.320163114 640.506248776 162.773398075 349.318683497 139.008177718 650.804046061 691.238440651 495.663042154 362.304939436 569.659048842 538.955348814 657.717616547 430.410138042
 295.591235963 365.447492209 463.998648304 449.607592683 328.679762316 720.322954036             0 487.628074397 531.408288988 682.043507715 301.312103518 408.260579521 678.126408557 676.633556811 285.655762409 333.985827921 286.065991833 467.505984444 251.368554302 447.638211524 522.354194775 552.880410691 585.369514741 315.273494202 158.819944593 63.8749547296 260.525704422 484.905571495  300.50376081 537.652319515 281.117449082 237.856433842 537.827783673 253.823534966 407.899562526   261.7824599 548.430889826  429.88489974 360.859578692 564.074488367 332.540342358 531.335063319 174.617423925 534.469761448  302.03339568 439.527493296 564.233269934 143.192098773 542.040616579 378.218057745  570.73195688 546.395234238 543.831248433 360.920494272 615.671783802 489.067544025 516.367239392  535.03819794 565.660530989 582.684410667 225.966397742 406.132126279 102.342060253  161.60726446 471.527693938 674.727473796 673.467679651  130.56917276 165.187854293 62.5641889951 359.802341085 584.210708754 521.086486836 541.618224316 540.896068641 264.888563882 341.407254759 650.006865287 362.700606205 424.219225858 380.477922345 498.798505994 484.131303752 263.021740219 634.300676742 166.696646289 407.600948108 123.445131822 237.192506456 611.227752193 655.985444728 495.225521142 506.054311578 263.972687595  346.03733294 662.277470717 44.5873811033 171.326835593 558.255184703 294.142061809 488.942669503 743.164478412 383.003383439  171.76344934 390.423283903 475.137990528 142.267819302 485.711680371 251.145729414 192.062183825 469.905116252 405.422560401 237.445803308 490.398870844 465.198986696    327.510192  414.68045984 417.150382151 313.512389847 567.656522624 595.599624953 619.432807237 474.093120398 140.346212177 612.248966862 526.620242439 160.360539244 358.973666408 160.815284247 363.668558776
 199.721420718 137.566892377 48.6276916275 188.161224081 303.336138755 360.170032116 487.628074397             0  571.72037996 252.696523357 323.416002298 421.399896581 217.174251175 247.172786381 362.754358395 221.142968215 249.710451319 33.6864518191 334.761721256  109.45596187 69.3417740937 142.936870686 162.309296032 358.034103289 511.641236846 440.957980688 306.768886692  215.47348478 390.194696423 88.5070439267 269.453713844 541.241987718 82.6660228358 269.645244696 166.326989647 546.929934438 145.807187874 332.200345264 140.177299392   166.2130385 168.670679092 220.759493999 358.880044391 193.779395295  258.37097271 87.8142692301 164.151781429 510.347672675 329.668002413 111.377590249 255.493676788 537.205015156 297.967232014 195.231853803  241.95297911 542.100045435 571.669663664 326.613583373 111.563826737  266.29702899 356.578873165 183.898724114 442.134666653 479.086946441 510.005381591 269.130479563 225.021645748 461.749127191 501.673694471 428.982635702 135.046196992 387.959528592 460.306300279 504.853432262 511.038696962 305.495979552 487.890153965 169.869875635 346.038303979 99.5940313319 440.875381686 606.265556211  83.044000669 549.151944952 218.824840672 554.227000889 421.170643817 507.309264129 423.019527697 189.439461436 451.176245666  385.89877947 132.445528034 454.352608807 358.436279801 215.594040431 443.564332653  470.09735855 484.154656358 308.427128299 661.614897126 367.356183842 488.087567246 336.291309709   176.6067105 286.139085467 358.305092377 2.84083263501 340.978895679 436.491580998 674.110886131 153.936798874 529.362955102 32.0705195369  171.81019406 337.293150541 117.672593756 119.628063085 577.671243075 299.873064565 109.638362156 221.281426448 673.399484633 402.332857978 195.870909047  42.683618494 330.265802836 191.314946645 366.025516896 123.995432762
 543.899144223  467.84522935 596.088157685 386.038488208 696.588380819 475.309639232 531.408288988  571.72037996             0 548.979022949 688.832778015 161.277362927 597.552401919 546.866673422 282.111038129   631.7291485 387.956903164 538.371102019 332.873507393   462.4326064 537.108493527 492.885499254 510.733795558 262.300965321 387.955812714 555.022942118 349.260994326 742.139660299 253.281777827 660.227028489 368.986127226 322.252348066 540.662462122 399.651233915 407.253596176 299.935828155 485.225964196 239.522281527 567.129842431 480.453564257 562.809468183 394.276913322 396.728053165 423.957996464 634.538561609 484.731261086 482.828062126 403.229509192 289.125584369 507.529713491 393.319013927 56.5787404219 324.326516428 393.099651254 459.409858439 42.7621937882 18.8850008868 286.958919663  682.01475995 394.120483111 647.402624342 665.713626213 430.994679607  670.86951721  68.810502545 840.577034818 573.914298585 401.049393355 683.058150254  492.66098001 553.931702179 264.342095318 127.959675768 90.6641631627 82.6497180364 640.865962438 190.309200674 710.616136301 242.996237281 475.598326027 165.216161212 76.7535176126 639.435162817 300.117839354 790.365694966 697.138017484 161.747086677 648.884045557 298.291975463 761.041934223 281.264651974 197.965922266 462.879890427 267.551503591 241.716936927  566.20348393 522.784282002 361.404749162 130.383547791 318.269462278 158.217163565 504.890950847 148.680059793 427.816340047 645.848151583  295.46095666 447.150666738 572.559421167 658.194194664  340.39625387 195.323432799 639.288320837  315.25558098 600.391607208 698.284166456 269.990856017 613.961508446 455.169485524 265.655783205 343.342012997 649.552657319 488.284172792 189.866067701 601.886090515 767.580422717 607.345233283 469.371892101 628.627460712 587.158697175 522.517447753
 430.459685299 323.264944897 300.707102105 241.038951746 555.009630353  136.55474095 682.043507715 252.696523357 548.979022949             0 573.341621167  447.34350083 67.5741101487 5.69892687799 463.291229414 470.935715836 399.300203295 248.984201033 462.528268809  236.92004025 186.579218514  130.96830483 99.5650545835 443.047532104 654.762556918 648.999934282 440.685855022 454.282346162  477.80155401 292.671220661  409.53232348 655.694286123 171.207818766 430.371385271 275.307805344 652.022803752  134.40720765 349.170850184 382.964569483 117.972764437 408.003121785 174.895531311 519.954725524 157.170993266  505.93075145 251.531793503 117.826570669 659.146047898 260.174494463 325.833393582 158.559919887 497.897417261 226.319259386 323.275783637  90.983384466 536.259174901  557.18184963  262.94608105 291.015801454 155.570982217 597.486316177 436.175881223 609.832219352  710.44549048 508.133050377 413.771997314 40.8730118066 616.156818738  732.60433491 619.572105192 373.827319853 291.530104283 421.020115692 461.241818502 469.173140594 550.148050098 551.813268856 246.701643431 405.145090129 264.734578989 482.786524313 609.246012924 324.705347546 653.985833948 375.351174918 780.896880635 447.495729546 729.998963806 537.568063544 354.423493463 317.310220291 355.274649183 176.241077218 554.347962435 425.476319808 43.6643308518 641.727047247 608.499139658 425.831488117 420.510831258 683.707502574 129.894685165 531.128243746 511.946694992 429.287277615 275.957251585 540.402136271 255.536954651 585.319012087 569.312423368 709.046446174 406.609729939 642.827351768  276.42913806 415.647381992 419.799743844 370.299435462 267.228255026 664.655767296 205.691075186 218.504928673 68.8330326736 706.075658368 627.984860776 362.874765757 243.976499655 523.236029565 442.459403567 592.440092854 348.974016969
 164.897955986 282.241018696 278.672051343 412.433882331 31.1111363257 664.221297574 301.312103518 323.416002298 688.832778015 573.341621167             0 530.561761108 540.438911472 567.694880869 407.752132193 102.479113507 307.638688063 324.469159692 357.087460991 358.204637457  386.79251101 450.077206352 476.934017893  426.58382627  421.17768091 237.437246004 339.593931678  208.15426095 438.256914236 324.942503252 323.503085934 489.375826188 402.372072148 290.245314328 362.264055979 507.959927908 449.793210757 490.372142125 192.148505708 470.588087909 171.501967437 487.049031449 307.695268635 472.329266941 69.6397582399 334.307742011 469.313214091 410.084872513 558.833929084 259.773395993 530.217325932 679.250504496 540.987622022 338.719342682 543.419302475 648.012557449 679.908155279 552.957285426 347.183701099 543.113671431 76.1725032824 155.929747614 332.110739921 197.962576012 620.135289563  407.74831714 548.098360062 369.292703587 218.058692654 274.800914462  203.22474318  616.78822425 622.151157423 658.883305024 661.852996965  48.577604896 526.661570829 439.849206893 452.832747772 326.383748373 524.269451988 687.174203692 271.871463392 509.917203823 377.790647127 274.412207511 530.002499438 244.839526769 416.063991433 362.205480957 691.579083477 564.083938819 417.389837779 455.642656911 449.221502866  538.37542979  264.53975008 403.297286208 657.037027587 372.015099084 708.191704001 677.167384776 553.257003455 271.771157463 152.980271657 491.848310121 264.106576837 320.621897969 50.2957110371  393.68634487 702.102276236 176.414040641 482.772700766 306.631389567 208.168633016 421.012007653  207.97949572  335.08275565 557.015987276 555.510809354 404.875508429 531.015576897 704.409959589 162.106307038 360.220350804 345.455752675 231.688959869 132.295623066 142.443660173 234.533952798
  382.81288798 309.004111774 441.290785935 243.771450623 536.970074268 410.327506119 408.260579521 421.399896581 161.277362927  447.34350083 530.561761108             0 483.766257465 443.973310778  130.78603916 470.627868793 226.961845152 387.719556151 179.554870812  314.04266336 395.732017513  364.21247991 387.851021004  105.84789445 291.120639053 419.441556068 191.843758758 582.173555939 108.540446526 509.360084719 208.474135807 250.960929277  401.95725704 240.378398874 255.079744052 237.060768618 356.560812699 100.101692588 406.389071266 356.859321438 401.567416273 275.712815925 251.796248626 301.161614097 474.415702245 333.588459608 358.872902791  303.55694587  201.26438828 348.776781878 289.811518601 149.794702361 226.811366324 234.844526697 356.843013774 124.480142996 156.092423019 195.852163616 532.870744133 295.282738685 493.575481102 504.803915985 306.083691713 531.245000809  93.256701877 690.189788803 463.824849657 284.729394257 545.921911319 359.674767068 393.332552559 212.640234121 113.162997723 135.925638388 136.738114296 483.095446125 114.449441784 571.448521916 81.8649652754 322.771592858  40.404112586 184.870434488 484.108268519 238.406899725 639.856844089 567.8366377370.660180990393  516.49189401 173.124179344 610.437768084 269.690772902 112.153223846 326.577986471 158.889447079 81.3923318666  454.46553923 390.513819698 252.047299069 150.082272973 158.593949818 245.177180883 439.462259052 84.3986323903 278.527505893 484.851790066 171.901117954 301.746752217 421.913103429 502.446624236 219.737860155  264.97350226 478.815282153 239.527314032 448.300711131 538.815971077 109.700721125 454.528029189 302.350110736  231.25722684 251.920662628 508.520837769 380.249689688 262.791105712 456.236299559 616.506915693 459.601469393 318.889189557 467.360601477 437.466720161 362.574160956
 409.242565898 313.076895907 262.324429563 257.297489188 519.535283158 203.978146788 678.126408557 217.174251175 597.552401919 67.5741101487 540.438911472 483.766257465             0 65.4250263955 482.611013094 438.285722016 403.361111476  222.05564461  474.78338651 231.383862776  160.16510537 131.221426277 100.531281312 465.568966452 666.707464228  639.70717799 450.589412849 403.686372553 500.768914067  240.30580447 416.610584534 675.453281446 143.937656625 432.518631899 281.076323619 674.143953347 137.596512157 383.828610188 355.213229694 129.951344043 382.399252199 208.280397736 524.432807411  183.09364806 475.460857487 238.921540768 128.454387559 669.520317649 309.115218265  307.37492781 204.400985646 548.683845674 273.329061626 328.691834658  140.62602321 581.368788688 604.320818379 310.787076744 234.379231756 204.877677002 572.153391372 395.506033354 613.897887186 691.077148435 551.919759853 348.124251563 27.6026256845 624.303052539  713.54525634 616.347511064 348.001141024 347.373899167 470.181309789 512.123869504 519.893056112 522.091498023  582.21794928 181.069346048 432.510680793 253.996229581 516.636654562 653.752805347 279.326266942 676.200764595 311.476866029 764.207688791 483.838870275 715.018533465 555.240071765 292.106052509  379.87089981 400.643047399 178.838120826 576.092084812  451.73075079  31.890487804 636.076045405  621.09706449 478.633920246   435.4053099 725.302867624 195.472779288 565.854807487 511.872298923 391.241473262 312.371443018 538.848915932 219.941803001 557.569938433 582.770310832 748.246293211 367.876117293 662.660213612 235.412041996 368.097984317  442.09599194 333.255262885 261.570423438 691.460500659 256.246015482 160.451226041 109.765662649 745.720498554 611.050436287 300.506549017 198.822562632 517.819736094 408.186901791 574.905329245  328.08182493
 424.763555848 317.649985732 295.224511955 236.153645163 549.403030869 139.414408625 676.633556811 247.172786381 546.866673422 5.69892687799 567.694880869 443.973310778 65.4250263955             0 458.756155541 465.295023916 394.061518471 243.321961316 457.640728973 231.338135095 180.945865556 125.354229213  93.893414456  438.68476454  649.92043769 643.460780344 435.686647332 449.211132489   473.4833162 287.789797684 404.406334627 651.250738424 165.603010637 425.082921317 270.044569245 647.715284905 128.852931382 345.582803294 377.283777079 112.588305733 402.308938819 170.897259984 514.774384436 152.595083771 500.261962987 245.864529009 112.400754906 654.234465028  257.90011837 320.141144518 155.675315022 496.036751944 223.756288679  318.03978705 88.1592953204 533.754575902 554.907035415  260.54279168 286.446406316 153.097023663  591.78775337 430.706899079 604.659179897 704.769533289 505.478845864 410.370158957  38.156303971 611.141430578  726.93161591 614.171901563 368.135987971 290.258913611 418.920458708 459.377430688 467.291716447 544.459056458 548.020659928 243.381936682  401.06507056 259.091658234 479.225129399 606.702927731 319.442448185 649.684429209 371.584712919 775.249664172 444.118911771 724.370784533 532.975221565 350.420842637 317.361231617 352.694089595 170.759244895 549.988419283 421.335952177 39.7012083332 636.267706814 603.676079672 424.204558362 415.725899262 680.893566594 133.746422904 527.658998971 506.614834261 423.751939134 272.428973675 535.033721496 250.012907231 579.627396676 564.518824044 706.015440971 401.096517669 638.384677889  271.03920308 410.436402849 415.410199268 364.756301996  261.66362629 660.647719421  203.52532682 214.150894511 64.6799011301 703.084377167 622.327481222 358.874949173 238.770693214 517.763401732 436.846703813 586.774712759 343.276037687
 272.594990557 230.133928076 369.317687335 225.376537919 417.293240733 464.485868222 285.655762409 362.754358395 282.111038129 463.291229414 407.752132193  130.78603916 482.611013094 458.756155541             0 359.131382121 123.038411732 330.529881934 50.8013877219 269.699927931 358.530348364 352.175679418  382.07973289 29.7064144849 198.285829499 290.580414808 71.0149490276 486.558065005  31.861171066 444.962809442 101.351521063  192.98125187 369.311363004  123.51155195 209.114277899 192.001570283 345.375199682 148.455662321 309.719930313 353.311935672 298.138319688 290.930682939  121.38341628 306.163522364 356.799289346  279.83346477 354.571063668 206.250838244 266.770229979   267.2464386 321.275145596 279.593576441 276.937990309 168.841555332 380.222110409 240.643015872 272.383498097  259.88664952 471.568283946 331.019470904 365.516890561 404.056065119 185.946624147 400.874083594 213.955233291 621.650149587 468.634861971 173.605096741 416.013255672 232.630628275 298.353872694 302.017203672 239.535008021 266.547564444 267.519837141 359.493390702 131.270752341 528.253081372 78.3100506989 265.326793482 116.922738098 281.605626567 408.678936315 194.107617009 572.187725072 440.248078052 130.147151391 388.089430077 74.7230274713 543.312935149   371.6729087 209.767967061 306.113638109 94.4754976973 60.4138868267 457.919545897 263.328312945 152.453833615 276.961271843 54.4273340058  315.56074635 490.966812561 147.702168173 147.944397219 383.584111498 207.205978788  171.03447589  362.42022005 376.093530435 113.347288184 320.110208362 382.184602657 180.151988359 383.602721244 446.536606949 47.0097810936 364.652662373 247.271126054 215.996770882 302.783848011 464.749458473 394.708515947 320.542271778 325.463449284 548.135397788 404.790258656 188.747712103 361.475378025 307.300983199 273.666481713
 87.8305073503 191.206578558 177.276576418 320.819753434 86.1878432647 564.142991549 333.985827921 221.142968215   631.7291485 470.935715836 102.479113507 470.627868793 438.285722016 465.295023916 359.131382121             0 243.784380694 222.188938664 311.048113976 260.278661337 284.364735562 348.573419401 374.891431623 372.298744862 420.696068055 273.824612592 288.139327837 152.258481223 390.925657603  230.22473452 263.221127565 478.141706955 299.909385464 235.684341235 272.176453914 493.033326936 348.583097687 416.119951941 91.9500501975 369.498220641 77.1100048126   391.2295987 282.463311729 374.430344781  40.050352706 235.155234392 368.132359909 412.765147992 471.310509448 163.062400242 433.823458214 615.183308671  450.34849564 256.605842675 443.168000939 592.981335864 625.054781932 465.866353842 254.823133011 446.561490237 144.341120467 72.6914562195 333.322555517 274.301726027 563.133972709 341.845776045 445.652859567 366.270478947 296.455225367 290.352182956 104.336719984 530.536875845 551.577088804 591.212154448 595.083216833 89.8814901364 487.033862271 346.860314232 389.566622513 228.690866466 471.248464527 640.301141741 175.354606701 495.168169056 304.079474288 352.165363663 470.134560149 312.550476224 384.970922365 283.669881707 604.001613903 487.881335924 317.667986128 424.351793484 390.111904807 435.906714792 290.999637721 392.747546972 584.555484197 314.571840396    672.068712 576.221117002 506.770085414 246.916780795 60.0929355153 407.118233841    250.950884 218.362456687 124.116739011  373.58694295 671.568717058 80.8530511318 469.358701333 205.636571796 132.027417871 361.951135687  107.47248892 239.590965101 537.826639047 462.815303231 306.820798148 429.651000141 672.991302737 211.954553777 283.435916083 244.873354737 215.085768122 31.7661344681 179.289571697 138.161983357
  155.95537603  112.54542956 249.960817629 163.542098973  311.46642563  435.44551891 286.065991833 249.710451319 387.956903164 399.300203295 307.638688063 226.961845152 403.361111476 394.061518471 123.038411732 243.784380694             0 219.757538876 85.8276940443 173.743071788 259.479259035 273.540233865 305.864908838 130.331309565 266.903480987  263.50157731 57.6798146354 364.190533562 154.274982596 327.207622749 21.7158406057 291.535654867 272.846155997 32.4351210785 124.058963935 297.580986321 268.176484544 185.004656655 187.012648839 281.811423684 177.306458898 245.568719637 121.225428814 248.625356085 248.266170958 175.109848781 282.282245563 267.988570758 273.633071976 146.689238142 285.866934193 373.201468961 267.223382613 76.0246502401 329.716630047 349.294736712  381.35270127 266.900886062 354.643831573 298.141415032 281.800694812 282.740042346  211.02380985 352.517376301 319.349955557 501.019457151 394.959567409 221.479032519 371.908966048 223.668410868 175.411022266 325.702421409 314.544047862 351.499436577  354.69864307 261.794666189 254.289329269 418.927929463  146.54197754 159.309146074 228.501359667 398.983480605 287.680064362 299.810159074 452.058216358 409.629852866 226.458677348 355.991704038 174.031238316  423.53989968 401.263730959 259.193207476 225.680570861 207.648439358 146.339869795 383.772793249 248.974365005 223.102975619  349.68341809 72.2272336456 438.031886537 457.563271253 267.206720853  114.30637765 262.362539136 203.665774421 143.951337386 248.931167573 285.648059993 187.667520094 443.142875037 259.732670046 279.658471153 266.916845475 323.650071351 118.246274676 241.619694749 145.424735182 330.825427328 288.788302977 356.658021052 334.757936198 443.577168879 268.409607143 427.961680333 292.384600482 135.628781339 242.202766848 239.949191712 151.003429529
 187.435443386 109.097549752 68.0155640085 155.961463185 307.039926573 346.622495122 467.505984444 33.6864518191 538.371102019 248.984201033 324.469159692 387.719556151  222.05564461 243.321961316 330.529881934 222.188938664 219.757538876             0 304.069458259 76.6153522209 62.9204188168 128.412272902 152.929465228  325.09130067 483.953648825 423.609357332 276.244450849 237.788304995 357.553042333 121.952496046 238.914884475 511.082539486 78.9868154587 241.414159747 132.643195262 516.121577028 129.651128909 298.879222126 134.367849609 150.694759572 160.652192812  194.98005308 332.034370445 169.983907119 256.970653385 54.1311995818 148.985122788 483.291656859 300.604636707 89.3521152372 232.221253747 504.370815294 270.058051497 162.376560793 226.347965473 508.534200818 538.177886721 297.217770315  145.24039195 243.689823264 350.669738682 195.467230754 417.047310359 469.166314604 476.437227358 302.714651965 225.832864229 435.026723732 491.666607989 407.669358259 126.221592949 359.552271597 427.840998698 472.300355832 478.395445357 301.813450823 454.837703531 199.261184704 312.431846463 66.1799011521 407.263320322 572.586894346 109.300627756  518.33642209 252.393769979  542.85364708 387.489360134 494.450847827 392.136920596  222.99232991 424.699988805 353.675966845 108.190747225 422.729967557 324.993358958 215.590884085 423.927965573 441.632082239 452.316718458 276.333705473 628.027442738 356.313450108 454.567177346 311.323100241 184.969918529 254.443357472 334.709755028 34.2542323983 337.161311592 407.225209897 640.729833617 163.961564587 499.066950913 62.6805285043 192.697647968 304.138218385 126.692673594 86.0405731986 545.899760312 273.803809951 136.965753682 209.271832326 639.975516097 389.943278954 229.332345081 74.3336045327 308.420351556  194.52555006 353.679728991 107.104460328
 225.609956903 198.161227041 335.740034733 221.490513447 367.061113594 478.416051298 251.368554302 334.761721256 332.873507393 462.528268809 357.087460991 179.554870812  474.78338651 457.640728973 50.8013877219 311.048113976 85.8276940443 304.069458259             0 251.366797713 339.480105973  343.57379019 374.954385068 73.9610407767 192.440397184 248.405149314 28.1521476462 442.771129253 81.3080765884 413.033973083 65.3251090711 207.329994306 351.785669969 77.2561207455 194.457160992 212.168224262 337.371465843 178.990143726 267.365015627 348.057887879 253.340515189 295.880089973 78.5585691245 306.334446086 307.098006931 256.839621177 348.970523524 196.658868698 291.202347067 232.400357646 330.883654213 329.117843228 295.529082427 148.652402617 384.534721498  291.44427774 323.179488497 284.200658985 440.443291647 341.811291642 314.985497836  359.12062119 157.681269008 355.226872814 264.621751539 586.344804148 463.422163809 155.444050449 371.350780166 194.022915529 256.884234652 333.019060211 284.932223296 314.452833447 315.871425407 308.778703622 176.186518264 503.305475245 115.074822052 241.416089996 167.712323229 331.265519009 373.028524564 214.390262073 537.576811442 398.915688726 178.934157035 345.947181434 88.3212337147 509.161086111 405.531798649 247.250126444  296.02643917 122.225144378 102.543705506 452.410033239 223.982300305 146.449055534 322.190923587 44.5441465086 361.347630402 503.381627972 197.128048526 99.6605963712 338.636946463 225.829441329 125.245001337 334.088141682  325.32068728  108.01655683 363.011563418 338.883822923 195.152334073 352.659720948 404.179444823 78.7459610945 324.082146361 225.454076261 245.113751234  320.34429342 440.549238132 395.125283026 363.951649845 277.647445245 513.480236501 377.371097332 139.390466801 315.145841999 257.931144137 235.348703016
 200.943802859 86.7484751011 140.722780591 79.6100707771 346.309382729 307.150445079 447.638211524  109.45596187   462.4326064  236.92004025 358.204637457  314.04266336 231.383862776 231.338135095 269.699927931 260.278661337 173.743071788 76.6153522209 251.366797713             0 88.8626706329  106.09751966 138.306598699 260.014937383 440.091296303 412.318301701 225.094954903 306.555067446 294.024072137 197.909770406 189.109738822 457.740406999 100.452395954 201.680691369 61.6193984668 460.097858746 102.577639718 222.928252376 168.476008358 120.772111536 186.709356808 132.070249415 293.993982062 114.240376218 288.579762884 27.6716733314 120.324452432 441.634410303 228.201751559 98.4839736849 173.873478011 427.815346389 200.155167459 102.788385803 187.442839516 433.402566486 462.678295376  224.25917096 219.745397757 186.488951796 369.235843052 251.829817873 383.017628431 475.712228086  401.33417925  378.16119704  225.83692936 395.200344465 497.608841396  385.54771105 155.978979275 287.926285918 351.231512178  395.68500364 401.785726742 326.843805381 388.105506013 261.131859273 241.614652881 31.8251026488 335.955474538 498.649853273 183.832521286 462.267084503 327.934160844 544.722170779 313.850262914 493.409738661 336.992763453 298.610962088 356.172969081 277.139874188 62.4310346541  363.87283855 256.002280595 214.652500082 406.295958869 395.504386737 375.964707517 217.225348643 556.615032547 322.306470253 384.206820457 280.489116717 237.291225016 178.354167193  307.57663704 110.455192049 360.653452824 358.550712712 571.193189063 219.948404115 445.276573129 139.280141342 260.738968055 237.783326946 184.371634218 30.5315705837 485.493674326 207.719160498 197.438899845 180.678714955 570.100224747 392.288402722  305.19165326 145.676007509 287.720515849 238.138503062 357.204866051   123.6989374
 249.181458832 157.486517886 117.859920808 152.372744562 368.555250203 290.842943789 522.354194775 69.3417740937 537.108493527 186.579218514  386.79251101 395.732017513  160.16510537 180.945865556 358.530348364 284.364735562 259.479259035 62.9204188168 339.480105973 88.8626706329             0 74.5032954674 93.1512205801 348.255016532 526.379180328 481.286537687 312.764117992 283.451015428 382.516739942 139.142032704 276.206275929 546.284844669 16.2468980643 285.268028637 149.809615478 548.903170351 78.2642994351 299.965840022 197.282407649 97.9070712107 223.454822432 162.593800034 377.579192707 133.059562766  319.68067786 85.0009479168 95.7037027906 527.170717063 276.598184776 147.497574058 192.580341304 497.895996866 242.503509145 191.296636013 173.153725701 511.161176103 539.120550591 274.523006489 153.088244238 202.405064323 413.488211084 252.488758952 465.214074851 531.008183078 479.365778071 309.559695572 162.955401294 479.929697824 553.455338398 461.404759574 189.037014832 332.519118739 419.077098018  463.80616388 470.544127327 364.729341116 475.429970403 175.729807252 327.195226164 100.924760592 420.474990683 578.856722114 150.250920716 551.075746588 260.752182448 604.047354579 395.603024402 554.987930141 425.648442189 232.587600028 391.321214649 344.060453912 76.6521020703 452.733785936 342.717398842 152.675568484  479.46867855 482.396152592 439.274986909  306.06216199 640.221339038 298.173253074 469.347517312  360.59261566  244.01303099 243.396517622 385.898372218  72.077331311 400.081435123 446.051397277 656.473617668   221.9103981 533.869092889  98.495936601 240.555823151 325.739811739 185.011865986 114.296645145 574.234596228 240.616692106 112.963354879 151.939839405 655.115192715 450.905639812  240.18818086   80.41709241 362.178291088 255.969549472 414.746743393 167.919166493
