             0 576.646385539  188.06188449 410.036550722 139.097452649 656.540352353 76.2260435714 110.228443712 630.847559346 168.204066272 752.142505759 559.961963031 543.337769657 396.447660873 329.859435028 302.879715426 777.318207678 339.598100001  595.98599014 462.649158151  329.60245975 301.637207565 475.071464576 588.335762968 444.439513894 285.128596043 589.289179298 644.590060573 533.891865225 89.0319293545  571.13396207 463.053793612  270.25773291 40.1728308801 172.429160788 697.447990123 606.123003739 487.213253088 635.595568983 613.385090992 603.117376494 602.276371046 489.475188966 416.426200163 434.575056176  372.20212484 539.486792688 104.069612161  488.10306156  498.69550683 465.037122432   231.7979192 583.921240653 349.351254977 452.007365793 307.389402657 637.026353859  462.69295785 295.374884821 723.084810407 703.283065492  235.81962451 104.104631903 445.450694586 404.556496106 752.313291646  475.36313041 501.562760364 669.970573999 545.179781837 435.715827563 456.431852712 86.9228048858 575.264134003 310.419336418 59.0294621362 386.026589123 327.255272652 274.710861828 393.179165559 494.688962521 115.268050844 358.692368651 87.4831719744 391.679009209  521.94741792 21.0397947873 236.698810897 118.110225733 368.231212352 524.012767579 335.400477788 194.213687674 211.806755018 110.339310478 136.028192216 182.993591629 12.4813734611  619.48561726 175.728638972 575.846765434 601.160046067 24.6287070107 398.784666177 295.719878357  513.50929045 113.870025795 552.163973622 461.309458072 504.714162757 289.781720407  483.05688925 165.235117651 622.942520992 388.461320112 561.356515358 664.121393798 616.938549398 517.878281803 575.096685303  238.58965835 390.392755307 584.406520168 163.025261528 298.721109658 236.859735909 653.891372202 464.448338001 554.941198207  723.90908227 434.207405106 467.539540073 341.327481729 388.843690884 522.974461519 510.479340838 541.027696012 390.475624303 579.112434826 750.763233546 424.106704824 348.514079206 202.302446532 509.757062253 504.893565713 262.363816769 489.365621223 769.704254941 270.450400027 378.754115812
 576.646385539             0 591.147871681 666.206234945 488.823971901 81.9311562412 500.660045844 470.805505591  68.770288732 524.980578883 325.280151574 220.486311578 633.060720051 422.452824649 428.002714039 403.658558949 433.612933674 311.345449221 45.8298732033 136.278933769 540.666874199  646.80502454 339.421964339 216.948737421 138.694920064 295.115353262 471.263587285 86.3534510535 54.4932866421 507.652976141 497.302069399 320.550087934 336.703309101 553.548526886 423.786211986 271.911347229 38.1425897996 327.101682056 338.931351111 155.040463099 365.532652773 63.4176293559 228.770936916 593.436294956 647.069475061 232.379887345 80.3476823112 560.432376222 439.477537263 143.267315358 174.343020629 392.411065404 176.256640677 268.724816747 159.844183467 269.424219832 365.892523021 139.854138338  428.37205313 412.827179049 281.634295966 599.032045444 534.900509376 541.864283609  224.98496019 425.271577488 274.840213282 715.423332748 264.638557006 111.660565578 624.310617635 454.339114978 590.686232469 598.493972195  289.55434364 602.173939923 370.162299695 451.144222776 457.051376703 434.086821255 82.0255200208   592.2435529 220.715415676 493.722734336 298.297152047 85.1914132888 590.392927726 505.443129423 470.812601038 218.000650416 707.363364547 271.919307783 396.453227942 502.096201145 560.401042231 469.028975995 412.267097247 564.228130531 77.7920123179 462.072925162  316.00897444 120.563143592 555.387584223 692.643666054 349.638682356 650.957730536 529.370572824 89.5482668715 211.708848151 77.8063081248 365.522237907 540.374545788 535.190492293 101.093346737 614.917689005 281.828838128 443.748688964 219.164180395 720.506750824  80.939075932 464.714094875 395.699360976 564.846164128 414.673020989  610.27551645 359.504085027 271.800431894 683.405845597 431.528960225 361.746611392 322.445044219 222.763912528 385.847087347 266.630679273 114.800394683 553.436044425 182.498472294 236.584261565 125.394384956 496.837369903 155.051624039 320.618035138 453.794155014 439.131706061 485.782023015 314.685270135 440.803154477 368.264599977 606.703436313  615.23173043
  188.06188449 591.147871681             0 222.191687747 297.678243081 661.948276206 191.411886049 183.538368874  629.79308574  68.324289072 681.515253192 502.699114358 366.737293987 273.990904364 214.979784726 211.039912154 677.220943649 444.398659966 622.401739966  458.01257823 161.923765907 114.801868426 379.500601688 532.377910149 452.718872247 345.972188123 454.630462381 639.719059142 561.739826321 145.741250211  427.78850265 375.683155411 255.049627001 155.400296461 185.707752324  634.52277715  611.63297456 395.489704358 543.954644868 578.688303983  500.63600608 597.290110598 434.716535675 238.054905502 248.934890949 359.610290814 532.483732769 86.9622835206   357.0533366 556.913979695 438.818648856 199.123107147 541.185457311 324.864804182 508.480505515 342.688529611 537.322033433 511.838173078 190.579466663 620.207720049 638.111262144 47.9990531949 101.603473505 281.351639897 481.311595606 650.380873094  404.52815595 313.743283168 605.378617177 595.265133128 253.057517859 319.891771291 103.532336327 407.949400899 391.392179943 138.660782675 288.454118379 200.581742126 158.840613167 266.101856275 515.200860179 303.248008585 403.577865395 175.173308177  497.82999562 560.781430517 173.789749609 101.258137544 167.705535358 374.438309878 337.202006197 319.505873564 211.498465542 92.8140754267 294.663615627 149.025910003  298.01730964 188.655232546 651.636370031 326.218777099 487.357514755 650.286530481  199.65801744 211.350361935 245.979787576  331.92736047 289.064659258 595.234389203 419.143331746 513.420372898  231.67914612 321.670766296 59.0653426968 662.301503788 204.568591677 483.648670358 544.645983984  561.61522085 330.214457739 563.640143265 134.462736844 280.302297836 425.308987426 225.571704299 111.526095331 237.561550414 585.058706142 277.096125446 429.226876593 636.529103131 349.693757928 551.763327891 246.551796694 343.597633855 573.150485287 347.759471098  613.03058169 362.577330031 553.042638136 628.402580271 458.943104796  458.93928076 352.734761556 379.478184982 360.112177201 315.982348534 357.912916169 688.451531176 82.7803771971 194.309130973
 410.036550722 666.206234945 222.191687747             0 508.199550938 720.235781233 402.327936641 383.575317493 684.156307036 257.138014412 645.801234493 507.534115738 177.882973168 249.529334524 240.044368535 271.862014181  600.28588825 613.403068398 706.483222283 531.741628448 130.905241396 114.583972568 358.317257825 534.103957647 540.439166009 497.765544578 348.761030328 688.855402706 653.541216586 355.050264166 309.913996272 367.853733629 373.645839505 375.724214161 356.023989116     613.88833 675.010629952 375.646439311 494.745392614 600.344061603 441.730842842 650.847882115 455.886370391 84.9924584514 43.7677224505 446.422596316 592.003113662 307.068549617 281.793730583 677.758745085 492.949754653 329.516775373 558.213185888 409.675937056 632.886113107 476.125662925 476.961229532 629.388911859 248.904714524 544.663966263 614.106679035 174.260497025 315.554174837 156.976404064 625.647744142 573.202107672 411.929394476 91.5520290002 585.881777324 705.005634594 67.0258330151 246.819088727 325.497981164 239.070534203 549.914434651 360.073155739 297.752948471 217.223281674 229.369161165  237.38375514 605.494310126 524.992961011  532.80491016 382.824756115 663.188245246  663.31807642 395.961436707 211.022404724 364.545948606 475.706158922 117.010423428 414.508160577  372.66124839 232.928846133 514.658256536 338.445182057 489.931243887 409.965319853 738.866311142 531.503459115 451.973041216 754.393329937 420.194697117 39.9366805731 335.714755566 130.929099824 505.936748454 698.328409842 459.159517538 592.138940649 319.868128828 188.682189547 254.982959861 755.861945304 51.3464591272 464.408718462 451.746910837 559.901139047 108.112257445 614.106102968 243.845551845  273.89459582 273.666840198 407.375913099 111.611261238 376.272033247 562.404161432 56.1442213453 344.994329596 582.058116609 354.105382346 695.513381328 281.411455145 400.118564855 685.072425257 203.154865455   741.3449184 432.789581762 588.301406081 521.497535678 570.677354659 630.553799946 556.222536625 299.003050024 255.511898746 468.905178441 281.592322562 637.531560351 139.586190568 51.7250503379
 139.097452649 488.823971901 297.678243081 508.199550938             0 570.711712618 106.698787828  126.91135906 550.299543768  251.06153656 714.823228485 522.935057598  613.26920561 425.514937951 363.596085378 326.235251849 762.178895781 212.814264657 499.791580883 396.137455001 403.290943109   411.1641297 474.402937169 548.389100571 370.686371049 196.970049583 612.352094436 565.884832024 440.015185919 153.771383263 603.177945945  457.32034236 247.720129198 150.386833509 177.586207636 656.684877143 522.535437774 482.389911592 619.951321398 556.576139625 598.021391949 525.753931856  456.52584614 494.575557906 524.233194233 323.235088639 468.188044868 212.491569905 514.783932904 388.449843907 413.710401358 237.316151884 534.644937359 313.429335269 345.575428056 234.578686803  627.75032633 360.050683791 329.431121877 712.322542758 663.924152643  341.04591927 196.340580024 505.512394052 289.212825676 739.609021911 455.816500669 597.475982796 631.754125887 437.343650822 519.352061304 490.454028325 213.337179992 631.959108005 201.902941182 195.158650311 397.719447155 369.879303106 321.303378827 426.241014792 408.147517505 103.504222146 269.358247882 125.403369128 261.575059031 421.943118432 160.074933205 305.969159991 146.481150055 305.940121249 614.597030694 295.886916695 180.905119028 280.833305956 71.8183935364 174.304467163 78.4745711494 129.718185617 518.881393165 37.5082454368 561.380650449 491.620316475 115.559993511 505.122512397 291.119316726 592.307128927 41.3303993498 448.062561538 421.995271575 425.300019088 292.878856691 537.880394579 253.614869821 518.059173033 476.425114609 539.583851375 669.969088699 574.750307866 612.426675195 504.488979354 288.808576152 410.833634073 631.477742823 131.327658872 398.281042506 214.688758926 619.670208431 558.560380196  572.20775635 700.638044585 429.592597733 344.738611214 358.508806665 361.354683994 416.141589403 565.091054621 421.589215466 349.899801723 518.328591778 755.566884256 334.047304253 218.365567392 63.2943160356 534.091613749 542.343010652 186.355479872 516.285660454 739.830435543 373.046086272 468.197480797
 656.540352353 81.9311562412 661.948276206 720.235781233 570.711712618             0 580.399267004 549.656373088 36.6812866099 597.085343711 288.235387553 237.531254638 669.577899563 471.988019808 486.503567116 466.477995013 408.188060882 390.971621756 87.2224263538 204.009831893  598.78783392 710.270989323 376.487037441 223.757292722 214.047588054 376.511690149  490.45886959 39.5343551984 133.813394097  585.46635671 521.302958551 360.548797055 409.768558834 632.349827767  500.26096135  243.76423315 50.9310916966  361.82070444 338.423560246 148.535214884 375.131244233 69.4571998987 267.778342415 643.567014196 697.544465714 302.547012033 130.848490742 636.127270932 474.876481853 214.354136325 229.638603208 464.757142808 184.705209702  337.17110019 238.550491097  349.16497105  367.32347539 219.380518806 491.086052653 398.008544985 253.086747315 666.510563288 610.896904845 586.575217073  303.77592663 404.877525251 314.120784677 762.298848034 245.396175387 172.606012506 673.571471192 495.098963102 667.307525685 628.322557756 371.401670725 680.224866045 422.504091359 509.480691536 521.205940718 484.004186355 163.129727988  674.10831071 302.257798106 572.693045371 374.095222443 160.222517436 669.788976813 572.379626625 548.748972943 293.274203548 751.110799714   342.8803508 473.248501821 571.213115046 642.255201197  545.45805141 494.013233921 644.164733119 95.5477729891 543.989954955 329.730287283 154.644927269 635.646322282 749.136774121 417.229868722 692.407185621 611.209736788 151.360413815 261.127960293 152.532501599   432.5494024 580.020290795 607.381850683 119.520760784  668.94117054  298.47000853 445.973440227 215.049586728 765.842180848 106.260711591 532.313687465 446.568580039 591.032707556 493.998533631 672.827945537 434.833643364 259.148932027 732.511301153 454.844267917  339.60608165 368.245135941 292.525572818  444.30775812  326.72802406 183.268362022 589.870654715 238.206984183 301.113893496 139.193388276    486.301141 236.791873453 399.255794607 535.520648896 470.866567559 519.992735101 395.258411133 476.026737803 333.957729076 671.583183315 670.279433347
 76.2260435714 500.660045844 191.411886049 402.327936641 106.698787828 580.399267004             0  37.829814098  554.62211274 145.496221891 680.896684109 488.070500674 515.174237667 344.505222177 279.034038017 246.648133639 711.701650091 276.722007216 520.673769587 386.651691971 302.346260543 304.502204596 412.257349347 516.011360805 368.217142015 210.713518449 536.499686966 568.371945487 458.471863188 47.2931858389 522.253780025 398.471327222 198.171002753 58.3763323666 103.418681916 625.356225777 529.944299451 423.148910857 569.256293328 538.564176993 539.810810133 526.076662811 418.003003031 393.077515878 419.931071604 297.276859314 463.389677055 107.919345815 436.117964566 426.430715351 390.371457222 166.222371319 510.013859842 276.065112267 379.094377731 231.296973212 572.585572168 388.884086219  243.95749267 658.577418055 631.482232259 234.351612746 89.8455781674 410.491075679 334.796950617 687.329141824 406.917037858 492.187666377 598.290212596 472.043241345 416.469481084 407.536475375 116.429629246 539.211333638 240.034660048  110.41258295 326.585041597 280.908665218 229.402017702 343.068429035 418.752174731 145.070978607 283.557647702 21.5332551415 330.148133392 447.375981875 90.1565507888 204.859572666  52.676728072 292.207779424 510.413284296 261.380856373  121.52046168 179.192776865 123.087739332 78.7267661026 119.230160541 63.9681548457 544.702729115 135.139348024   509.5159621 528.197608196 57.4618157452 398.493760688 228.885605571 491.158344921 106.239437115 478.195362073 388.426850369 428.504192395 225.287672024 445.327751097 147.380799985 548.881886631 372.264701924 492.946995749 604.919128934 544.314048919 507.422702072 499.066219249 194.371884651 334.551338613 543.093506263 86.8351430309 291.916371558 163.960518887 582.982900321 453.488657417 499.485019564 655.864351346 369.672766303 400.283734172 283.303985556 317.647215598 449.713917099 472.832680771 471.609408379 316.841765555 503.787496246  691.56854763 348.665349558 287.896607069 161.982091738 456.928137628  458.11039655 186.843926227 437.499234634 700.166703338 266.417344905 363.676319352
 110.228443712 470.805505591 183.538368874 383.575317493  126.91135906 549.656373088  37.829814098             0 522.889581458 127.582737596 643.642182647 450.967966581 487.048100475 309.193260078 244.402915508 210.646244009 673.873103665 266.377474139 492.826145855 353.299548747 276.385943083  292.24689752 374.636371967 479.066678327 336.372111756 186.567684516 500.523422254 536.221369004 430.483933931 42.9022443721 487.277028145 360.707765524 160.966160484 82.7443435288 65.6046053881 588.348548671  498.96101053 385.412762805 531.427103709 503.156727686 502.099654625 493.695530386 380.752325467 367.664801092 397.939567349 261.993793609 430.376647547 109.333513383 400.515129131 404.120875245 354.810031605 128.589529756 473.860047198 239.470224472 356.079878608 201.731844251 534.797673416 364.381155426 209.427143008  620.77869156 594.379779061 222.043765101 85.5019790854 380.400451882 316.344619913 649.512575964 369.155535387 471.882312979 561.145105615   448.2864711 392.550371226  372.84939761 128.546432794 508.142293514  222.01872546  132.41802811 289.555776173  247.74290646 197.243530102 308.284419598 389.245139428 180.992212773 256.986074609 23.1542990613 320.211036555  421.27589346 120.756959606 179.073071503 19.5707275535 259.061280998  488.16826578 225.252013386  84.420278995 154.031982628 156.883959708 47.4981598616 114.644055183 98.6186597944 517.955692651 147.931555811 471.686204424 504.527494719 94.1910022702 383.178172557 191.068895606 465.422718336 136.171206892 453.090723544 351.678417928 397.288614003 187.659211856 414.055144994 131.893730085 523.442859549 350.107124222 455.197907295 567.654422361 507.493394397 486.542218382 465.758745224 163.356089268 298.270731891 510.281372595 56.9150666249 275.352282615 127.053199485 545.629049204 432.795137149 462.971404374 618.105593147 331.921995418 384.105559507 246.684329999 280.277741456 425.847014146 441.465413019 452.647867559 280.469658352 468.980532376 654.268946574 320.955047612 279.430156939 172.980511073 421.071978916 423.874546351 160.187082875 401.923354529 662.573319176 251.815468853  342.11436258
 630.847559346  68.770288732  629.79308574 684.156307036 550.299543768 36.6812866099  554.62211274 522.889581458             0 565.598070914 268.015928862 201.753376382 632.990094029 435.660036115 451.248401637 432.139377096 383.771350529 379.066388412 93.2010502418 172.946172038 563.331068929 675.755566387 339.812176474 189.274280022  186.52824967 354.350866283 455.194495932  17.604442678 123.208894004 557.619528906 485.517205091 323.880611288 379.229033469 605.379527523  471.52204927   219.3120602 30.6314800943 325.178962834 306.204810665 115.472466419 341.048442944  33.468281122 231.149265358  607.17883178 661.160059889  271.24452002 97.3463310656  606.57146184 438.268617374 211.214076263 194.835074859 433.673591756 149.537342628 304.967139153 228.299099893 324.137854111 334.809231205  208.07301161 456.672745171 369.918502623 228.892386339 633.140230661 581.586045528 549.942839334 293.266853379 378.640031335 277.460252746 725.703862345 217.689504925 175.312491347 637.114702148 458.418684536 638.359256172 592.095090228 353.712511734 652.443391575 386.494334382 474.163013128  487.09028698 447.695559777 142.696116876 653.333255054 280.948451226  546.00893377  367.05440315 153.702937368  643.43581832 538.964482049 521.085572068 264.692366969 714.439836969 311.654176961 444.824974131 538.535161407  621.43006319 516.578780889 472.767408756 618.549089311 112.258027213 525.109594533 294.821464351  169.01923783 610.516364027 713.336916488 384.380147303 655.726322546 590.311260255 153.102382292 225.234597061 126.425095679 399.465749335  543.34600759 575.918397538 138.036558574 632.887026867 263.041372185 413.562730336 182.656226576 729.199309261 70.0569019215 499.179222958 410.378921056 555.093327228 467.897256235 638.137707223 405.505340601 229.510286628 696.027925388 419.045283058 313.657645886 331.774234954 290.666708422 409.120669755 292.217480388 181.701424584 553.266659605 244.650482005 267.855151314 102.842140043 457.235397237 216.820716942 388.819683313 518.211020947 434.414907592 483.448381265 371.243249508 439.424982076 312.791937778 637.454675936 634.341001593
 168.204066272 524.980578883  68.324289072 257.138014412  251.06153656 597.085343711 145.496221891 127.582737596 565.598070914             0 632.468215403  448.39798111 375.994230778 240.448453498 175.496969847 160.640062321 638.269219314 379.788451093 555.341415498 393.096831025 161.870058093 165.734028032 335.772632833 478.049148608 386.338208564 278.345010031 430.418091306 576.099391504 494.377089263  98.404701947 408.627894601   328.8025888 188.313471259 128.944090434 118.396844524 582.933232809 546.524623546 350.561326311 500.829724971 519.838200417 461.290980705  533.45069481  378.90355646 250.550529786 274.666822502 294.552341334 468.496494957  69.792246584 329.781135008 488.591068458 376.946571181 132.587671819 483.745063207 260.885279755  440.16296256 274.365342173 497.209107093 443.543283866 144.773497991 582.005480788 587.180448258 96.4163510176  64.342118725 277.334162167 413.691097671 611.993708304 352.697320218 346.707549994 554.038431534 527.032438121  272.28172951 295.376778412 103.983556597 407.124865358   324.7498757 136.987322186 243.465800265 167.259830451 116.908593181 234.961426087  448.16080851 277.533413805 335.253684956 125.701219149 432.828886876 492.836078114 160.821967678  69.350650674 109.322508536 307.563681522  365.14253782 254.205356062 143.557864473 46.3793984574 262.499082812 86.0393828698 239.038349357 164.280126566 584.265345586 275.160466766 442.511880941 582.135833197 171.540215199 255.598258618 184.395671178 348.456450228 250.524999148 527.196342808 360.136607767 447.414311798 171.433604341 315.303634639 10.3363674302 594.545764541 227.139182767 435.091174691 513.196083645 507.399128405 361.928347893 500.524051298 83.7900472524 240.630565274 417.379978829 161.722276055 147.847690771 169.430717469 534.779309602 307.992992236  399.88477573 592.613830477 301.271781601 484.304541912 198.989549733 283.902158754 504.894642803 342.642062278 544.868704711 299.868784414 492.298961434 598.871482115 390.884651684 394.955982667 300.518621923 352.051176463 341.350753914  248.26370515 330.882137035 642.790010795 124.426880045 218.355356606
 752.142505759 325.280151574 681.515253192 645.801234493 714.823228485 288.235387553 680.896684109 643.642182647 268.015928862 632.468215403             0 193.135744596  529.70976713 417.534754302 467.626563661 472.331175066 127.318749102 595.989105932  360.27300619 331.373753683 558.055521373  682.65308733 304.129840994 166.496794928 363.434330205  526.72604704 317.894622343 253.674850269 371.920038516 665.429544646 358.850878159 305.889245032 482.730516182 717.360800431 579.730665677 59.5134232256  292.71031984 287.276481452  151.28678633 178.273096696 205.084387255 261.877973432 262.897330889 560.812647293 609.877485726 391.651763345 281.721741449 692.760673918 364.010481767 462.916604895 302.183115947 521.984081836 184.459327859 405.919228775 463.428524535 483.380571818 172.399217883 442.835651392 491.159867105 141.532611783 51.2535062165 665.557176649  672.57337928 489.499531096 521.443584486 133.654939368 280.297713964 653.209952414 83.1402229143 436.893937865 583.433843231 399.845001172 728.572717035  469.45342388 549.181709717 753.432386734 393.210723741 485.047277774 522.682023531 428.243788682 364.056392789 809.555998967 468.709128793 665.367939597 600.440435827 404.870265554 758.213881176 580.273865772 634.035444481 411.059899097 630.483399463 422.027388911 559.379066342 591.640499013 779.041690278 618.318647494 638.021590582 741.327050612 379.900519487 700.264238816 197.858090726 437.008131521 737.830473447 683.195422812 458.418759115 568.602073798 749.264925696 414.827142643 293.991780478 333.089791995  467.12008717 464.046221491 642.074162185 405.391199687 600.090899111 197.889396317 228.466734389 140.433626111 650.213962861 254.216671613 550.094854068 404.267983814 424.584660821 599.758812271 644.422790284 517.001646179 98.4409157721 635.433060741 305.281840335 77.7588667439 332.010459594 540.259494856 435.252891605 363.408519045 437.834734478 460.174285822  507.77458279 366.545178823 218.110827905 227.518371214 422.226842789 610.288396252 702.283020229 347.392635628 394.378932657 529.980958673  364.21030163 46.2648267578 655.594845013 605.904143013
 559.961963031 220.486311578 502.699114358 507.534115738 522.935057598 237.531254638 488.070500674 450.967966581 201.753376382  448.39798111 193.135744596             0 435.395223384 260.121327014 295.719450947 291.696988116 251.796301676 421.599617507  265.99132529 157.793728563 399.436400745 521.248275529 149.743384988 29.6934085834 191.167952311 339.175907892 253.859922861  199.53129241 245.502678139 474.067323523 283.788934953 140.156758672 290.002430753 525.913026527 387.569306524 137.497395425  207.16071811  132.89519171  126.03058339 95.6151340612 145.201876682 173.568944539 70.7408381144 425.578842648 478.897374886 199.889418365 144.799069727 505.161994952 242.206184127 325.205417859 115.777991813 331.414411558 54.0170534216 212.783825576 309.879530279 294.438692023 149.665235784 291.428897997 313.189838332 213.816060906 143.415171297 493.137818856 483.805958903 361.690361698 357.702350665 234.665755803  100.06204785 537.268172065 110.243352239 316.718331378 453.443472208  267.57649786 540.592704264 391.304252258 367.601614334  563.77991372 221.639436911 316.250064346 345.424213518 272.127103175 216.915527807 616.647903286 288.660573828 472.899988662 435.687240249 274.584349098 566.713393132 402.707168851 441.890781664 222.782989507 522.477890024 228.959422126  366.60125654 410.572065195 586.281619808  427.25081637 446.908530809 548.973927133 296.355957075 509.960251465 95.5683832858 339.980268833 545.148175802 540.847857761 268.725940814 462.026612791 556.695040161 297.888791008 101.090268525 185.358893727 278.916205033 349.340902076 458.364563246 320.992343888 457.542807448 61.9084762495 225.247519258 59.0178354263 538.853179878 141.588557551 368.640379582 239.637021243 353.519418287  406.62310063  482.49470935 324.113943991  96.742263663 511.045104558 217.322358951 183.000963875 158.844837384 393.256550273 257.931327546 171.226622122 308.813493019 356.307886636  383.72060728 173.611169337  99.671329477 287.628629425 254.618174419 437.702169994 513.662558599 235.585089703 285.658446129 339.627471956 243.180816041 217.174028598 488.680188079 460.972299329
 543.337769657 633.060720051 366.737293987 177.882973168  613.26920561 669.577899563 515.174237667 487.048100475 632.990094029 375.994230778  529.70976713 435.395223384             0 228.036029263 265.526578897 306.903611876 459.239443723 665.991625857 677.627503128 511.359421435 214.155168222 280.985459681 294.235337108 456.100390226 530.245722474 545.594972617 212.221383753 633.203385221 635.151541588  470.63659157 170.950680566 312.514062597 416.222667828 504.742372692 439.950135365 510.955446704 631.739713883 308.011086837  381.92695181 530.739670226 328.299118657 601.720797509 404.943091373  128.68239495 134.869594934 449.624376817 553.171493002  440.26032925  194.76230477  681.95867575 462.332872866 391.704139467 489.398749764 418.572465142 643.696394806 511.591766595 357.717062929 634.635405135 293.766743409 408.071013461 508.682379789 321.497498696 440.257975391 111.736641941  654.50432356  433.59124295 358.462420099 134.439910798 486.164620123 697.710029451 118.829932355  179.95849105 466.996658205 68.0153979645 598.052568499 502.739617286 281.074336546 251.241269086 293.744727656 219.593004527  590.22000311 653.347410134 557.574667094 493.810825556 708.871649152 653.058507697 533.535091077 310.632982278 467.593149584 485.432263341 104.660506891 430.279735844 446.703359042 336.376432596 636.712760905 439.590283495 574.829127786 540.129003483 710.389818279 628.283605389  355.86682875 739.060943211 547.505789435 215.473881854 367.351824613 49.6411287655 621.291549813 685.874457404 422.811741059  568.77156418 355.468028089 94.9278504166 378.175224433  731.56073253 166.541508145 379.357857916 311.045903267 476.287118649 126.229930884 565.836961755 324.579766736 254.963411445 111.432944625 491.980124716   261.0825978  433.05491463 462.511858543 134.985762736 228.446064164 457.243501722 313.055000145 718.792935772 292.560365295 389.027760417 681.070679738 79.8133877675 747.828512885 425.482610035 530.569158087 366.341482472 576.672671502  684.48930852 649.305057863 199.858637701 149.810073598 521.287274951 193.582302726 511.457842927 289.127774413  177.32364077
 396.447660873 422.452824649 273.990904364 249.529334524 425.514937951 471.988019808 344.505222177 309.193260078 435.660036115 240.448453498 417.534754302 260.121327014 228.036029263             0 66.5964843729 99.3575262338 403.353044604 442.586614887 464.795316837 292.189048605 141.389211503 265.628527289 114.782706593 287.843027114 307.063883113 322.957837311 192.900112702 439.774080425 416.497794497 309.437888047 178.207942576 120.020008951 197.038486221 356.532074757 248.643211205 377.139223537 428.115635277 132.285735313    273.116689 351.378996845 227.257988553 402.530849777  206.37233269 171.677734891 225.622096793 222.147576423 345.658877311 309.322665798 91.8442649949 456.067363155 248.112997394 188.531232728    309.440777 190.537074323 416.449542407 285.960064959 264.156367182 408.245778106 101.254470352 346.266105509 378.987027211 250.786361888 296.759810677 122.700006315  426.65094045 376.444358075 162.656692556 293.035430745 348.136904738 475.133661882 202.106341547 65.2360093364 344.336094682 220.391672368 374.358046843 376.227426017 54.2455863863  74.005431403 123.860016088 12.1495237648  369.72864219 489.570057516 329.755011763 323.618306246 483.115699411 431.185410786 394.402426286 175.717433245 291.940594298 257.553184185 286.734044016 202.483969013 245.734432873 194.391048127 466.055882754 266.284309464 371.849254856 389.029255902 497.589234913 431.979712495 219.801213956 519.889897854 391.560317569  281.28516698 146.643960797 234.108540198 443.844801834 465.115339585 211.881898369 351.860665108 138.328682322 134.205711564 248.098818096  516.62253123  198.68926744 223.855515048 272.911772291 315.006032228 298.656782533 365.727748918 159.177911787 27.6406862538 209.806347458  295.06379013 227.154285946  220.75089215 325.719960762 261.206947714 159.626379535 365.667356895 104.582668708     490.77864 70.2399369644 163.749033614 457.307335075 156.810728738  521.80057236 199.802740928 338.813604384 358.424793748 349.775073571 461.248732504 448.880011152 113.311371819 117.429868637 301.257697199 93.1701736018 419.138847105 238.289819979 201.394657917
 329.859435028 428.002714039 214.979784726 240.044368535 363.596085378 486.503567116 279.034038017 244.402915508 451.248401637 175.496969847 467.626563661 295.719450947 265.526578897 66.5964843729             0 41.3994970287 463.944547768 401.261692326 467.261799062 292.535715517 112.704209333  227.24155084 164.562777434 324.961374749 300.395431696 280.914309373 259.447765936 457.786083958 413.564271132 243.038831974 243.244950585 161.991166627 151.127428736 289.935805518 186.016529314 422.666011593 439.383838352 180.748546736  329.04616245 380.252335699 286.926523639 417.781666409  232.58752032 177.083872642 227.338602601 206.778715975 356.361446901 243.656595255 158.299518014 440.108495016 257.011155183 129.488598924 339.895502669 170.479050922 396.722923664  249.73257882  323.29228425 391.663369666 35.0799581808 407.324544204 425.644249453 198.586460152 230.392721841 153.834474312 397.089320645 437.412405186 195.699464104 301.954348374 393.439713025 465.486158911 208.623333547 128.516126459 278.986506392 271.551582573  333.69553875 310.306283631 74.9270736693 23.1416568905  58.648517792 64.0477493736 365.480163098 424.066657933 301.093591634 257.958988965 445.788244129  423.43150611 327.865612689 114.145836199  226.67749179 237.587072274 303.351746439 177.120526572 186.534036706  130.10516836 401.225659913 200.506737276 314.696431171 322.496796702 499.452673658 372.588048463 272.435507339  514.39881809 325.193208596 264.715070176 103.878984736 259.803649282  379.90915742 458.384404838 227.019456617 352.850925739  90.576674809 178.886747402 183.647852932 516.013308867  189.38054833 270.184824526 337.965220996 353.624662536 311.012688199 381.538313816 92.9981732606  65.739766435 267.975423352 234.831823995  188.76227962 167.998177356 372.300659082 265.589471491 225.845415402  421.57633537 137.832231772 464.749397652 42.2689929302 161.385298405 445.896793874   205.0200379 504.664530365  192.94633347  361.26124051 423.959046795 332.663447425 419.643250445  391.08347901  179.89856121 179.526098396  255.91278013 159.587184091 473.515022385 193.033659286 188.456969606
 302.879715426 403.658558949 211.039912154 271.862014181 326.235251849 466.477995013 246.648133639 210.646244009 432.139377096 160.640062321 472.331175066 291.696988116 306.903611876 99.3575262338 41.3994970287             0 479.496690872 360.283746623 441.023495748 267.389166067 141.339196456 243.844748225 176.037394568 321.365812582 271.598514701 240.036231295 289.907023208 440.014072088 385.156511909 214.377883295  277.45630917  168.18655789 110.208550894 263.664012525 149.302534432 423.957501609 417.974290221 190.278143535 340.676340691 370.111770229  303.09093188 398.825951155 224.324665809 214.815854476 263.178183881 175.997405297 335.644488165 224.713019469   189.9747647 405.919368941 237.407274767 89.8264272358 331.454332018 138.803655239 361.375535058 210.180116876 338.343449323 357.534974855 24.7199819187 423.849464479 427.821349773 203.947762143 208.078679695  195.19150691 358.561714361 453.612071728 193.667645045 338.928863457 394.889672285 433.696349388 246.049814706 164.223323885 260.687119813 312.103166389 292.908256517 289.542301202 84.2476519656 58.5770980101 55.4310249697 100.228873427 336.935097425 391.495399177 263.345691194 226.144990577  405.36036017 392.740766629 303.035632041 111.341728537 193.971441704 203.909681923 342.129409111 142.664425544 147.158159771 119.498968394 367.310680297  169.36789482 274.642927177 294.554287363 472.693454658 333.562179612  282.03792738 484.132507871 295.894467087 293.055765684 64.9283862229 300.314158538 344.651118947 427.898556502 212.131989737 327.031115031  50.297632175 219.943739678 170.008663197 487.967305072 222.452515697 274.667712287 361.256380018 350.585846773 348.786563497 363.352879133 77.7765046689  88.037991068 306.734334228 196.154374551 206.759497042 126.698009514 375.052361734 301.672728094 253.104970562 432.156507572 140.671201733 427.005735999 39.0893059445 139.947516972 413.488139974 245.811056762 469.735022397 167.079854023 347.337692589 447.885442755 298.820681098 378.612969401   351.3432873 210.425739843 216.189852235 214.686251017 191.404254228 482.150545801 205.407425963 220.185753568
 777.318207678 433.612933674 677.220943649  600.28588825 762.178895781 408.188060882 711.701650091 673.873103665 383.771350529 638.269219314 127.318749102 251.796301676 459.239443723 403.353044604 463.944547768 479.496690872             0 673.375500089 472.889038582  408.40742606  534.77635359 656.917391992 303.580030746 235.520954167 441.838873815  587.58734015 252.478607252 371.270710227 474.469503488 688.419579408 293.069674078 314.286505436 517.558624188 739.667685292 608.296593106 164.610408036 405.038444221 290.375408601 142.704973521 278.975560684  177.04533187 371.645915441 308.798626657 516.932761611 560.180018152 444.842910768 376.448939156 704.138451334 328.375506361 562.716605033 367.281375398 546.203703542 268.645640602 449.030652153 555.255679109 542.006120449 141.163876434  535.58189995  493.50134454 57.3076108511   155.1639779 652.995926512 687.296181026  444.60517144 607.344423875 27.3557101891 306.797571251 590.732478722 169.059327139 543.284014395 534.274804206 366.979095163 740.063911629 393.435140238 618.794222713 768.900867351 395.380447156 476.679757908 522.339200607  411.83898596  457.48184634 849.448575209 540.342039288 693.749442855 685.977984878 506.739529699 780.032503308 577.692496841 661.215530357 471.940539025  563.60295068 466.880851776 592.326924484 593.781073102  820.64535631   641.2900171 689.154029456 767.667806573 495.826696114 753.311668436  202.26879499 550.711746789 766.477065505 639.629401357 482.859674918 503.713688723 792.599491855 521.901824822  346.12968408 425.334410033 487.636608551 411.803119089 646.930434754 521.705169175 560.131465803 222.730833922 149.496904465 220.591905949 584.749681528 355.940994252 554.519499418 398.226011773 348.347931152 637.733869274    620.610734 552.069477075 165.448109296 579.668720971 257.929464154 72.4024502172 343.119305596 636.479758482 440.442946411 400.836568126 540.888401362 400.928389903 613.876423699 414.970611165 313.970594312 110.503801197 504.646839548 689.381674197 759.570301615 307.473749299 345.367845777 584.691156148 327.993500641 83.1853146794  636.79907677 567.695985885
 339.598100001 311.345449221 444.398659966 613.403068398 212.814264657 390.971621756 276.722007216 266.377474139 379.066388412 379.788451093 595.989105932 421.599617507 665.991625857 442.586614887 401.261692326 360.283746623 673.375500089             0 309.875430254 266.265247948 486.737445123 542.744052565 437.705637225 439.382080147 233.269122987 120.409043459 593.705507317 396.288822481 257.436717002 309.034426203 599.151294855 415.823003633  250.13755905 334.700688123 263.139813386 536.615356246 348.792430308 437.902677748 541.209115658 420.420010469 537.724520075 362.202852451 371.831091832 571.491098528 615.068762455 245.724027017 318.581131667 375.710755709 513.328019517 186.187703315 306.650881104 284.815471088 412.495198768 262.387773003  152.51297325 157.779377518 558.046220517  171.67908405 376.951657998 633.388411549 545.433011986 475.605507873 351.518686704 554.701513246 87.6661287748 655.878208172 392.840053257 692.006638743 517.439681064 235.716796199 601.644827794 503.506288696 391.996230105 662.761104443 68.2289633193 386.316615046 395.358774432 418.172442666 387.557657287 448.947572593 240.995220592 310.607635725 134.439375261 282.639833093 53.8335660434 231.671066272 358.973600858 404.321551424 278.738689643 210.637566666 699.406271426 246.147310359 242.261119154 385.914653626 281.118491115 295.380874214 157.896032589 327.949344929  322.58572302 177.314757063 490.711015633  286.47938133 315.014362741 623.203642427 298.653185476 660.452754403 253.088958441 250.525025951 333.499133749 267.871753107 310.766514538 575.375179357 387.168215514 316.961598964  569.70241652 460.194349592 619.634170546 459.462578239 703.720944392 351.946979308 369.557699699 418.390455814 647.600845433 218.826970692 517.413077099 238.701928926 512.458257536   653.2053196 549.098467096 603.662544799  395.31227959 132.237739656 374.264180974 307.793392326 216.762118883 599.205690111 209.964191081 277.902120154 379.806417965 697.256719132  174.14859518 18.7000852001 159.332148481 526.460381288 553.376552859 146.284554858 514.977157483 630.467552689 499.628234515 564.553850027
  595.98599014 45.8298732033 622.401739966 706.483222283 499.791580883 87.2224263538 520.673769587 492.826145855 93.2010502418 555.341415498  360.27300619  265.99132529 677.627503128 464.795316837 467.261799062 441.023495748 472.889038582 309.875430254             0 174.772535805 579.654503197  682.89050526  384.42008396 261.446386536 170.920032392 311.349849088 517.091959804 109.423542897 62.3491513595 531.301624049 543.060916056 365.225383517 367.354466214 575.286243858 449.863247533 309.449915924  67.943973337 372.381257782 383.087927071  196.31373315 410.876670102 101.541776058 273.961212354 635.133294992 688.557991607 266.858693351 125.876238876 586.837501045 484.454090837 128.360331121 217.032953937   423.2816297 220.579506086 303.907634134 157.998954676 291.352288609  410.39498083 140.771413004 465.655934948 454.680556645 319.139535599 632.775777533 561.027464825 585.069539976 222.209359669 465.861007248 319.789075733  757.81741527 304.606865919 85.3920726719 666.199274651 498.511502163 615.769404873 643.855677181   298.0848495 625.061851807  411.92327554 490.368202984  493.41228137 476.282120971 107.202064337 603.206907033 237.308033031 515.396956048 289.126578362  78.772622646 610.807123778 539.890759266 494.445045535 247.974748993 750.522357028 305.175742521 422.277341938 535.026820869 571.609816215 494.900636723   425.2711418 583.509840427 32.8615736593 470.707934358 361.552274846 77.8948172654 573.881444721 731.933046071 384.567222273 694.667593244 540.878314129  64.241731128 255.378701574 114.411627293 400.697581269 584.572217177 565.429364963 55.2634939793 655.302976131 327.471806302 488.517904544 261.982902926 763.280517881 125.362091485  498.90364878 437.776280523  610.48028844 436.078919648 646.953645614 387.516064291 313.393795273 725.237142433 477.329810818 401.622769747 366.103721502 205.622602394 425.340513848 306.365185046 96.8968228348 598.107867693  152.38128024 274.585732568 169.609000599 539.782700371 172.037539901 316.694682178 459.929907943 484.483269894 530.824407506 333.832584669 485.798059928 404.478984065 642.084018579  655.24326647
