     0   8.0  39.0  37.0  50.0  61.0  58.0  59.0  62.0  81.0 103.0 108.0 145.0 181.0 187.0 161.0 142.0 174.0 185.0 164.0 137.0 117.0 114.0  85.0  77.0  87.0  91.0 105.0 111.0  91.0  83.0  89.0  95.0  74.0  67.0  74.0  57.0  45.0  35.0  29.0   3.0   5.0
   8.0     0  45.0  47.0  49.0  62.0  60.0  60.0  66.0  81.0 107.0 117.0 149.0 185.0 191.0 170.0 146.0 178.0 186.0 165.0 139.0 122.0 118.0  89.0  80.0  89.0  93.0 106.0 113.0  92.0  85.0  91.0  97.0  81.0  69.0  76.0  59.0  46.0  37.0  33.0  11.0  12.0
  39.0  45.0     0   9.0  21.0  21.0  16.0  15.0  20.0  40.0  62.0  66.0 104.0 140.0 146.0 120.0 101.0 133.0 142.0 120.0  94.0  77.0  73.0  44.0  36.0  44.0  48.0  62.0  69.0  50.0  42.0  55.0  64.0  44.0  42.0  61.0  46.0  41.0  35.0  30.0  41.0  55.0
  37.0  47.0   9.0     0  15.0  20.0  17.0  20.0  25.0  44.0  67.0  71.0 108.0 144.0 150.0 124.0 104.0 138.0 143.0 123.0  96.0  80.0  78.0  48.0  40.0  46.0  50.0  63.0  71.0  51.0  43.0  55.0  63.0  43.0  41.0  60.0  41.0  34.0  26.0  21.0  37.0  41.0
  50.0  49.0  21.0  15.0     0  17.0  18.0  26.0  31.0  50.0  72.0  77.0 114.0 150.0 156.0 130.0 111.0 143.0 140.0 124.0  94.0  83.0  84.0  53.0  46.0  46.0  48.0  64.0  66.0  46.0  38.0  50.0  56.0  35.0  31.0  42.0  25.0  20.0  18.0  18.0  47.0  53.0
  61.0  62.0  21.0  20.0  17.0     0   6.0  17.0  22.0  41.0  63.0  68.0 106.0 142.0 142.0 115.0  97.0 129.0 130.0 106.0  80.0  68.0  69.0  41.0  34.0  30.0  34.0  47.0  51.0  30.0  22.0  34.0  42.0  23.0  25.0  44.0  30.0  34.0  34.0  35.0  57.0  64.0
  58.0  60.0  16.0  17.0  18.0   6.0     0  10.0  15.0  35.0  57.0  61.0  99.0 135.0 137.0 110.0  91.0 123.0 126.0 106.0  78.0  62.0  63.0  34.0  27.0  28.0  32.0  46.0  53.0  34.0  26.0  39.0  49.0  30.0  32.0  51.0  36.0  38.0  36.0  33.0  55.0  61.0
  59.0  60.0  15.0  20.0  26.0  17.0  10.0     0   5.0  24.0  46.0  51.0  88.0 124.0 130.0 104.0  85.0 117.0 124.0 105.0  77.0  60.0  57.0  28.0  19.0  29.0  33.0  49.0  56.0  38.0  32.0  44.0  56.0  39.0  41.0  60.0  47.0  48.0  46.0  40.0  58.0  61.0
  62.0  66.0  20.0  25.0  31.0  22.0  15.0   5.0     0  20.0  41.0  46.0  84.0 120.0 125.0 105.0  86.0 118.0 128.0 110.0  84.0  61.0  59.0  29.0  21.0  32.0  36.0  54.0  61.0  43.0  36.0  49.0  60.0  44.0  46.0  66.0  52.0  53.0  51.0  45.0  63.0  66.0
  81.0  81.0  40.0  44.0  50.0  41.0  35.0  24.0  20.0     0  23.0  26.0  63.0  99.0 105.0  90.0  75.0 107.0 118.0 104.0  77.0  50.0  48.0  22.0  14.0  27.0  30.0  48.0  57.0  49.0  51.0  63.0  75.0  62.0  64.0  83.0  71.0  73.0  70.0  65.0  83.0  84.0
 103.0 107.0  62.0  67.0  72.0  63.0  57.0  46.0  41.0  23.0     0  11.0  49.0  85.0  90.0  72.0  51.0  83.0  93.0  86.0  56.0  34.0  28.0  23.0  29.0  36.0  34.0  46.0  59.0  60.0  63.0  76.0  86.0  78.0  83.0 102.0  93.0  96.0  93.0  87.0 105.0 111.0
 108.0 117.0  66.0  71.0  77.0  68.0  61.0  51.0  46.0  26.0  11.0     0  40.0  76.0  81.0  62.0  59.0  84.0 101.0  97.0  64.0  42.0  36.0  35.0  40.0  47.0  45.0  59.0  71.0  71.0  75.0  87.0  97.0  89.0  90.0 110.0  98.0  99.0  97.0  91.0 109.0 113.0
 145.0 149.0 104.0 108.0 114.0 106.0  99.0  88.0  84.0  63.0  49.0  40.0     0  35.0  41.0  34.0  29.0  54.0  72.0  71.0  65.0  49.0  43.0  69.0  77.0  78.0  77.0  85.0  96.0 103.0 106.0 120.0 126.0 121.0 130.0 147.0 136.0 137.0 134.0 117.0 147.0 150.0
 181.0 185.0 140.0 144.0 150.0 142.0 135.0 124.0 120.0  99.0  85.0  76.0  35.0     0  10.0  31.0  53.0  46.0  69.0  93.0  90.0  82.0  77.0 105.0 114.0 116.0 115.0 119.0 130.0 141.0 142.0 155.0 160.0 159.0 164.0 185.0 172.0 176.0 171.0 166.0 186.0 186.0
 187.0 191.0 146.0 150.0 156.0 142.0 137.0 130.0 125.0 105.0  90.0  81.0  41.0  10.0     0  27.0  48.0  35.0  58.0  82.0  87.0  77.0  72.0 102.0 111.0 112.0 110.0 115.0 126.0 136.0 140.0 150.0 155.0 155.0 160.0 179.0 172.0 178.0 176.0 171.0 188.0 192.0
 161.0 170.0 120.0 124.0 130.0 115.0 110.0 104.0 105.0  90.0  72.0  62.0  34.0  31.0  27.0     0  21.0  26.0  58.0  62.0  58.0  60.0  45.0  74.0  84.0  84.0  83.0  88.0  98.0 109.0 112.0 123.0 128.0 127.0 133.0 155.0 148.0 151.0 151.0 144.0 164.0 166.0
 142.0 146.0 101.0 104.0 111.0  97.0  91.0  85.0  86.0  75.0  51.0  59.0  29.0  53.0  48.0  21.0     0  31.0  43.0  42.0  36.0  30.0  27.0  56.0  64.0  66.0  63.0  66.0  75.0  90.0  93.0 100.0 104.0 108.0 114.0 133.0 126.0 131.0 129.0 125.0 144.0 147.0
 174.0 178.0 133.0 138.0 143.0 129.0 123.0 117.0 118.0 107.0  83.0  84.0  54.0  46.0  35.0  26.0  31.0     0  26.0  45.0  68.0  62.0  59.0  88.0  96.0  98.0  97.0  98.0  98.0 115.0 126.0 123.0 128.0 136.0 146.0 159.0 158.0 163.0 161.0 157.0 176.0 180.0
 185.0 186.0 142.0 143.0 140.0 130.0 126.0 124.0 128.0 118.0  93.0 101.0  72.0  69.0  58.0  58.0  43.0  26.0     0  22.0  50.0  70.0  69.0  99.0 107.0  95.0  91.0  79.0  85.0  99.0 108.0 109.0 113.0 124.0 134.0 146.0 147.0 159.0 163.0 156.0 182.0 188.0
 164.0 165.0 120.0 123.0 124.0 106.0 106.0 105.0 110.0 104.0  86.0  97.0  71.0  93.0  82.0  62.0  42.0  45.0  22.0     0  30.0  49.0  55.0  81.0  87.0  75.0  72.0  59.0  62.0  81.0  88.0  86.0  90.0 101.0 111.0 122.0 124.0 135.0 139.0 139.0 161.0 167.0
 137.0 139.0  94.0  96.0  94.0  80.0  78.0  77.0  84.0  77.0  56.0  64.0  65.0  90.0  87.0  58.0  36.0  68.0  50.0  30.0     0  21.0  27.0  54.0  60.0  47.0  44.0  31.0  38.0  53.0  60.0  62.0  67.0  75.0  85.0  98.0 121.0 108.0 118.0 113.0 134.0 140.0
 117.0 122.0  77.0  80.0  83.0  68.0  62.0  60.0  61.0  50.0  34.0  42.0  49.0  82.0  77.0  60.0  30.0  62.0  70.0  49.0  21.0     0   5.0  32.0  40.0  36.0  32.0  36.0  47.0  61.0  64.0  71.0  76.0  79.0  84.0 105.0  97.0 102.0 102.0  95.0 119.0 124.0
 114.0 118.0  73.0  78.0  84.0  69.0  63.0  57.0  59.0  48.0  28.0  36.0  43.0  77.0  72.0  45.0  27.0  59.0  69.0  55.0  27.0   5.0     0  29.0  37.0  39.0  36.0  42.0  53.0  62.0  66.0  78.0  82.0  81.0  86.0 107.0  99.0 103.0 101.0  97.0 116.0 119.0
  85.0  89.0  44.0  48.0  53.0  41.0  34.0  28.0  29.0  22.0  23.0  35.0  69.0 105.0 102.0  74.0  56.0  88.0  99.0  81.0  54.0  32.0  29.0     0   8.0  12.0   9.0  28.0  39.0  36.0  39.0  52.0  62.0  54.0  59.0  79.0  71.0  73.0  71.0  67.0  86.0  90.0
  77.0  80.0  36.0  40.0  46.0  34.0  27.0  19.0  21.0  14.0  29.0  40.0  77.0 114.0 111.0  84.0  64.0  96.0 107.0  87.0  60.0  40.0  37.0   8.0     0  11.0  15.0  33.0  42.0  34.0  36.0  49.0  59.0  50.0  52.0  71.0  65.0  67.0  65.0  60.0  78.0  87.0
  87.0  89.0  44.0  46.0  46.0  30.0  28.0  29.0  32.0  27.0  36.0  47.0  78.0 116.0 112.0  84.0  66.0  98.0  95.0  75.0  47.0  36.0  39.0  12.0  11.0     0   3.0  21.0  29.0  24.0  27.0  39.0  49.0  42.0  47.0  66.0  59.0  64.0  65.0  62.0  84.0  90.0
  91.0  93.0  48.0  50.0  48.0  34.0  32.0  33.0  36.0  30.0  34.0  45.0  77.0 115.0 110.0  83.0  63.0  97.0  91.0  72.0  44.0  32.0  36.0   9.0  15.0   3.0     0  20.0  30.0  28.0  31.0  44.0  53.0  46.0  51.0  70.0  63.0  69.0  70.0  67.0  88.0  94.0
 105.0 106.0  62.0  63.0  64.0  47.0  46.0  49.0  54.0  48.0  46.0  59.0  85.0 119.0 115.0  88.0  66.0  98.0  79.0  59.0  31.0  36.0  42.0  28.0  33.0  21.0  20.0     0  12.0  20.0  28.0  35.0  40.0  43.0  53.0  70.0  67.0  75.0  84.0  79.0 101.0 107.0
 111.0 113.0  69.0  71.0  66.0  51.0  53.0  56.0  61.0  57.0  59.0  71.0  96.0 130.0 126.0  98.0  75.0  98.0  85.0  62.0  38.0  47.0  53.0  39.0  42.0  29.0  30.0  12.0     0  20.0  28.0  24.0  29.0  39.0  49.0  60.0  62.0  72.0  78.0  82.0 108.0 114.0
  91.0  92.0  50.0  51.0  46.0  30.0  34.0  38.0  43.0  49.0  60.0  71.0 103.0 141.0 136.0 109.0  90.0 115.0  99.0  81.0  53.0  61.0  62.0  36.0  34.0  24.0  28.0  20.0  20.0     0   8.0  15.0  25.0  23.0  32.0  48.0  46.0  54.0  58.0  62.0  88.0  77.0
  83.0  85.0  42.0  43.0  38.0  22.0  26.0  32.0  36.0  51.0  63.0  75.0 106.0 142.0 140.0 112.0  93.0 126.0 108.0  88.0  60.0  64.0  66.0  39.0  36.0  27.0  31.0  28.0  28.0   8.0     0  12.0  23.0  14.0  24.0  40.0  38.0  46.0  50.0  53.0  80.0  86.0
  89.0  91.0  55.0  55.0  50.0  34.0  39.0  44.0  49.0  63.0  76.0  87.0 120.0 155.0 150.0 123.0 100.0 123.0 109.0  86.0  62.0  71.0  78.0  52.0  49.0  39.0  44.0  35.0  24.0  15.0  12.0     0  11.0  14.0  24.0  36.0  37.0  49.0  56.0  59.0  86.0  92.0
  95.0  97.0  64.0  63.0  56.0  42.0  49.0  56.0  60.0  75.0  86.0  97.0 126.0 160.0 155.0 128.0 104.0 128.0 113.0  90.0  67.0  76.0  82.0  62.0  59.0  49.0  53.0  40.0  29.0  25.0  23.0  11.0     0  21.0  30.0  33.0  43.0  54.0  62.0  66.0  92.0  98.0
  74.0  81.0  44.0  43.0  35.0  23.0  30.0  39.0  44.0  62.0  78.0  89.0 121.0 159.0 155.0 127.0 108.0 136.0 124.0 101.0  75.0  79.0  81.0  54.0  50.0  42.0  46.0  43.0  39.0  23.0  14.0  14.0  21.0     0   9.0  25.0  23.0  34.0  41.0  45.0  71.0  80.0
  67.0  69.0  42.0  41.0  31.0  25.0  32.0  41.0  46.0  64.0  83.0  90.0 130.0 164.0 160.0 133.0 114.0 146.0 134.0 111.0  85.0  84.0  86.0  59.0  52.0  47.0  51.0  53.0  49.0  32.0  24.0  24.0  30.0   9.0     0  18.0  13.0  24.0  32.0  38.0  64.0  74.0
  74.0  76.0  61.0  60.0  42.0  44.0  51.0  60.0  66.0  83.0 102.0 110.0 147.0 185.0 179.0 155.0 133.0 159.0 146.0 122.0  98.0 105.0 107.0  79.0  71.0  66.0  70.0  70.0  60.0  48.0  40.0  36.0  33.0  25.0  18.0     0  17.0  29.0  38.0  45.0  71.0  77.0
  57.0  59.0  46.0  41.0  25.0  30.0  36.0  47.0  52.0  71.0  93.0  98.0 136.0 172.0 172.0 148.0 126.0 158.0 147.0 124.0 121.0  97.0  99.0  71.0  65.0  59.0  63.0  67.0  62.0  46.0  38.0  37.0  43.0  23.0  13.0  17.0     0  12.0  21.0  27.0  54.0  60.0
  45.0  46.0  41.0  34.0  20.0  34.0  38.0  48.0  53.0  73.0  96.0  99.0 137.0 176.0 178.0 151.0 131.0 163.0 159.0 135.0 108.0 102.0 103.0  73.0  67.0  64.0  69.0  75.0  72.0  54.0  46.0  49.0  54.0  34.0  24.0  29.0  12.0     0   9.0  15.0  41.0  48.0
  35.0  37.0  35.0  26.0  18.0  34.0  36.0  46.0  51.0  70.0  93.0  97.0 134.0 171.0 176.0 151.0 129.0 161.0 163.0 139.0 118.0 102.0 101.0  71.0  65.0  65.0  70.0  84.0  78.0  58.0  50.0  56.0  62.0  41.0  32.0  38.0  21.0   9.0     0   6.0  32.0  38.0
  29.0  33.0  30.0  21.0  18.0  35.0  33.0  40.0  45.0  65.0  87.0  91.0 117.0 166.0 171.0 144.0 125.0 157.0 156.0 139.0 113.0  95.0  97.0  67.0  60.0  62.0  67.0  79.0  82.0  62.0  53.0  59.0  66.0  45.0  38.0  45.0  27.0  15.0   6.0     0  25.0  32.0
   3.0  11.0  41.0  37.0  47.0  57.0  55.0  58.0  63.0  83.0 105.0 109.0 147.0 186.0 188.0 164.0 144.0 176.0 182.0 161.0 134.0 119.0 116.0  86.0  78.0  84.0  88.0 101.0 108.0  88.0  80.0  86.0  92.0  71.0  64.0  71.0  54.0  41.0  32.0  25.0     0   6.0
   5.0  12.0  55.0  41.0  53.0  64.0  61.0  61.0  66.0  84.0 111.0 113.0 150.0 186.0 192.0 166.0 147.0 180.0 188.0 167.0 140.0 124.0 119.0  90.0  87.0  90.0  94.0 107.0 114.0  77.0  86.0  92.0  98.0  80.0  74.0  77.0  60.0  48.0  38.0  32.0   6.0     0
