             0 32.5576411922 14.5602197786 32.2024843762 32.2024843762 24.8394846967 21.0237960416 31.5753068077 17.8044938148 15.5563491861 26.4007575649 16.6433169771 26.4007575649  46.872166581 45.3541618818 42.4499705536 40.7062648741 22.8473193176  28.231188427 16.4924225025 29.2745623366 39.2045915678 46.1735855225 27.7848879789 37.6430604494 19.4164878389 10.8166538264          12.0 24.0416305603 11.0453610172 10.4403065089 20.8806130178 12.3693168769 24.7386337537 27.2029410175 40.5215991787 35.8050275799 56.8506816142 41.5932686862 24.0208242989 42.0119030752  40.718546143 49.3963561409 46.0977222865 36.6878726557 39.0128184063 33.7342555869 28.1602556807 39.8246155035 6.32455532034 12.0415945788 15.2315462117 18.4390889146 25.6124969497 34.0587727319 38.8973006776 38.0788655293 23.5372045919 32.0156211872 28.3019433962 38.2883794382 19.2353840617 24.4131112315 38.2099463491          35.0 25.2982212813 51.1077293567 18.0277563773   4.472135955  8.0622577483 24.8394846967 33.5410196625   32.14031736 36.3455636908 38.8329756779 10.6301458127  13.416407865 20.2237484162 16.0312195419 19.2093727123 14.8660687473 26.0768096208 29.5465734054 34.9857113691 36.7967389859 48.2700735446 33.6154726279 15.2970585408 20.5182845287  20.591260282 39.6988664826 33.0151480384 33.9705755029 26.6270539114 29.6816441593 29.0688837075 32.2490309932 35.6089876295 31.1448230048 38.6005181312 15.2315462117
 32.5576411922             0 34.4093010682 20.2237484162 23.8537208838 16.4012194669 36.2491379208 36.0693775937 47.4236228055 43.2897216438 50.2891638427 23.4307490277 9.43398113206 21.1896201004          13.0  25.179356624 32.6955654485 27.4590604355 47.4236228055 49.0306026885 10.4403065089 12.2065556157 23.3238075794 34.9857113691 30.1496268634 16.4012194669          23.0 20.8806130178 38.2883794382 43.2897216438 35.2278299076          52.0 39.3573373083 48.4148737476 55.5697759578 54.2033209315 15.2970585408 32.3109888428  25.495097568 9.43398113206 12.2065556157 12.0830459736 18.4390889146 24.1867732449 35.8050275799 45.2769256907 47.4341649025 41.3400532172 58.6685605755 32.3109888428 43.3243580449 27.2029410175 14.1421356237 25.0599281723 28.6356421266 18.6815416923 5.83095189485 9.05538513814 15.6524758425 24.7588368063 24.0416305603 42.4499705536 52.6117857519 63.2455532034 65.7951365984 57.7234787586 34.1760149813 30.4138126515 30.0665927567 39.0512483795  55.542776308 12.0415945788           9.0 11.7046999107 15.2315462117 28.6530975638 31.6227766017 43.6004587132 38.0131556175          29.0 42.0594816896 36.0555127546          29.0 27.7848879789 19.6468827044 31.0161248385 7.07106781187 36.1386219992 20.1246117975 50.1597448159 20.0997512422 13.9283882772 18.3847763109 13.4536240471 12.2065556157 16.4012194669 10.7703296143 16.4924225025 17.4928556845 17.0293863659          18.0
 14.5602197786 34.4093010682             0          25.0 42.7200187266 33.5410196625 35.3553390593 45.0444225182          15.0 29.1547594742 40.3112887415 11.1803398875 32.0156211872 53.1507290637 47.1699056603 51.4781507049 52.2015325446 35.3553390593 42.7200187266  22.360679775 26.9258240357 36.4005494464          40.0 14.1421356237 26.9258240357 18.0277563773 20.6155281281 16.1245154966 9.48683298051 21.2132034356          25.0 31.2409987036 7.28010988928 14.1421356237 21.5406592285 55.0817574157 43.0116263352 64.0312423743 33.3766385366          25.0  40.162171256 45.2769256907 52.8015151298 53.8237865632 49.4974746831 53.0848377599 48.2700735446 42.5793377121 54.1294744109 8.24621125124 14.3178210633 28.0713376952  22.803508502 16.1245154966 23.4093998214 33.0605505096 40.2243707222 26.8700576851 39.9624824054 39.5600808897  47.853944456 33.6154726279 36.8781778292 51.2249938995 32.7566787083 28.6356421266 41.7612260356  6.0827625303 18.1107702763 21.0950231097 23.0867927612  30.083217913  30.083217913 33.2415402772 34.5253530033  6.7082039325 2.82842712475 9.21954445729 3.60555127546  8.0622577483           9.0  40.049968789 41.7731971484 46.1735855225 45.2769256907  57.706152185 38.1837661841 29.8328677804 30.6757233004 32.5576411922 47.7074417675 40.2243707222 42.5440947724 34.1320963318 36.6196668472 37.5898922584 38.4187454246 43.2666153056 39.8246155035 45.8039299624  22.360679775
 32.2024843762 20.2237484162          25.0             0 41.2310562562 31.6227766017 46.0977222865  50.537115074          40.0 47.1699056603  57.008771255 15.8113883008  25.495097568 41.2310562562 29.1547594742          45.0 50.9901951359 40.3112887415 56.5685424949 46.0977222865          10.0 14.1421356237          15.0 18.0277563773          10.0 14.1421356237 28.2842712475 22.0227155455  23.769728648 42.7200187266          40.0 52.9244744896 32.0624390838 36.4005494464 45.7055795281 66.4003012041          35.0 52.2015325446 9.43398113206 15.8113883008 18.3847763109 32.0156211872  36.235341864 44.4072066223 52.2015325446 59.9416382826 59.2030404625 52.8015151298 68.5930025586 28.1602556807 38.4707681233  36.235341864 21.0950231097 9.21954445729 8.54400374532 8.24621125124 24.3515913238 19.9248588452 34.2344855372 40.4969134626 43.1856457634  49.040799341 56.4358042381 69.6347614342 57.4282160614 53.3385414124 19.2093727123 19.0262975904 32.4499614792  40.249223595 48.0416485979    8.94427191  11.401754251  11.401754251 10.8166538264  22.803508502 23.0867927612 32.5576411922 28.0713376952 17.0293863659          34.0 48.2597140481 44.3846820423 45.3541618818 39.0512483795 51.0392006207 27.0739727414 43.1856457634 32.6496554346 52.7730992078 40.0124980475 33.0605505096 37.2155881319 29.8328677804 30.2654919008 33.7342555869 30.0166620396 36.0138862107 35.5105618091 37.0540146273          25.0
 32.2024843762 23.8537208838 42.7200187266 41.2310562562             0          10.0 20.6155281281 13.9283882772          50.0 33.5410196625 35.3553390593 35.3553390593 15.8113883008          20.0 29.1547594742 11.1803398875          10.0 11.1803398875          30.0 46.0977222865 31.6227766017 36.0555127546 47.1699056603 50.2493781056 50.9901951359          30.0  22.360679775 26.9258240357 50.4479930225 39.0512483795 27.2029410175 43.8292140016 43.9089968002 55.9016994375 59.4053869611 32.6955654485 11.1803398875 26.9258240357 48.4664832642  25.495097568 35.4682957019 20.1246117975 28.1602556807 16.4924225025 12.0415945788 22.2036033112 26.9258240357 22.0907220344 39.0512483795  36.235341864 44.0454310911  17.691806013 22.0227155455 42.0119030752 48.5077313425 42.0475920833 24.7588368063 21.3775583264 8.48528137424   4.472135955  6.7082039325 29.4108823397 40.8044115262          47.0 66.4680374315 54.8178802947  57.697486947 41.9761837236 27.8028775489 34.0587727319  56.639209034 34.9284983931 31.7804971641 35.3553390593 38.9486841883 36.0555127546  40.162171256 50.9901951359 45.6946386352 41.5932686862 46.6476151588          17.0 7.07106781187 4.12310562562  8.0622577483 16.2788205961  17.691806013 24.5967477525 12.0830459736 40.3112887415          11.0 10.6301458127  6.7082039325  11.401754251 11.6619037897 7.61577310586 13.4536240471  9.8488578018 6.40312423743 12.3693168769 20.6155281281
 24.8394846967 16.4012194669 33.5410196625 31.6227766017          10.0             0 20.6155281281 19.8494332413 42.4264068712 30.4138126515 35.3553390593  25.495097568 7.07106781187  22.360679775  25.495097568 18.0277563773          20.0 11.1803398875 31.6227766017 40.3112887415  22.360679775 28.2842712475 39.0512483795 40.3112887415 41.2310562562          20.0 14.1421356237 17.4642491966 40.8044115262 33.5410196625  22.803508502 40.2616442784 35.6089876295 47.1699056603 51.6623654124 37.8021163429 11.1803398875 32.0156211872 39.3573373083 15.8113883008 28.6006992922 18.0277563773 27.0739727414 21.2602916255 20.6155281281  29.206163733  31.064449134 25.0599281723 42.4852915725 27.8028775489 36.8781778292  13.152946438 12.0415945788 32.0156211872 38.6393581727 33.2866339542 19.3132079158 11.7046999107 7.21110255093    8.94427191 14.3178210633 28.0178514522 39.0512483795 48.0520551069  59.816385715  49.244289009 48.8773976394 32.2800247831 20.8086520467 28.6356421266 49.6789693935 26.0768096208 23.0217288664 27.0185121722   30.61045573   26.83281573 30.8706980809 42.1900462195 36.7151195014 31.7804971641 38.4187454246 19.7230829233 13.0384048104 14.0356688476 12.0415945788 24.1867732449 12.3693168769 22.0227155455 5.09901951359  37.483329628 14.8660687473 8.54400374532 9.21954445729 3.16227766017           6.0 4.24264068712           9.0 10.8166538264 6.40312423743 13.8924439894 11.1803398875
 21.0237960416 36.2491379208 35.3553390593 46.0977222865 20.6155281281 20.6155281281             0 12.2065556157 36.4005494464 14.1421356237          15.0 33.5410196625 26.9258240357 40.3112887415 46.0977222865 31.6227766017          25.0          10.0 11.1803398875 29.1547594742 39.0512483795 47.1699056603  57.008771255 47.4341649025  54.083269132 32.0156211872 18.0277563773 24.6981780705   44.72135955  22.360679775 11.1803398875 24.2074368738 33.0605505096 45.2769256907 45.5411901469  20.591260282          30.0 47.4341649025 55.1724568965 32.0156211872 48.3011387029 38.2099463491 47.0956473573 37.1079506306 18.4390889146 18.1107702763  13.416407865 7.28010988928  22.803508502 27.1661554144  30.083217913 9.89949493661  25.495097568 42.5440947724 50.7740090991 50.3289181286 39.8497176903 28.8444102037 26.0192236625 16.2788205961 27.2029410175    8.94427191 20.2484567313 27.4590604355 49.9299509313 37.0135110466   65.06919394 37.6430604494 17.2626765016 18.0277563773 41.1460812229 43.4165866922 40.8044115262 45.2216762184 48.6004115209  30.083217913 33.7342555869 41.0487515035 37.0540146273  38.275318418 35.2278299076 5.83095189485 14.3178210633 21.0237960416 28.2842712475   35.77708764 32.9848450049 6.32455532034 16.1554944214 20.2484567313 31.4006369362 28.0713376952 26.0768096208  23.769728648 26.4764045897 23.0867927612 29.4278779391 29.0172362571          24.0 32.0624390838 21.2132034356
 31.5753068077 36.0693775937 45.0444225182  50.537115074 13.9283882772 19.8494332413 12.2065556157             0 48.1040538832 26.2488094968 24.1660919472 40.7921561087 26.9072480941 33.3766385366 42.9418211072          23.0 13.9283882772 10.4403065089 17.7200451467 41.3400532172 41.8807831827 48.1040538832 58.8982172905 55.5787729264 59.6154342432 37.3363094052  25.179356624 31.5753068077 54.0092584656 34.4818792991 22.8473193176 36.0693775937  43.931765273 56.2938717802 57.3846669416 18.7882942281  25.079872408 38.3275357935 58.8302643203 34.9857113691 48.1663783152 34.0147027034 42.0594816896 29.0172362571 6.40312423743 9.43398113206  13.152946438 9.48683298051 25.3179778023 37.2155881319 41.7851648316          17.0 29.5465734054  49.040799341 56.6480361531 53.0094331228 38.0131556175  31.064449134 21.9544984001  11.401754251 19.1049731745 20.5182845287  31.064449134 34.3656805549  62.128898268 49.2036584006 68.5054742338 46.1735855225 27.2946881279 29.9666481275 53.2353266168 45.8039299624 42.8018691181 46.8614980554 50.4479930225 39.0128184063          43.0 51.7880295049 47.2652091924  46.389654019 46.3249392876 6.40312423743 7.21110255093 12.0415945788 21.8403296678 25.7099202644 30.8058436015 18.3575597507   17.88854382 31.8904374382 24.5153013443 24.1867732449 20.6155281281  22.627416998 24.2074368738          20.0 26.6270539114  23.769728648 19.7230829233 26.2488094968 26.2488094968
 17.8044938148 47.4236228055          15.0          40.0          50.0 42.4264068712 36.4005494464 48.1040538832             0          25.0 35.3553390593  25.495097568 43.0116263352 64.0312423743  60.415229868  60.207972894 58.3095189485 40.3112887415          40.0 11.1803398875 41.2310562562 50.9901951359          55.0 26.9258240357 41.2310562562 31.6227766017 28.2842712475 26.9258240357 20.1246117975          15.0 25.2982212813 21.9317121995 8.24621125124 11.1803398875 9.43398113206          53.0 53.1507290637 74.3303437366 48.2597140481 38.0788655293 54.5710545986 57.1401785086 65.3681879816 63.6553218514  53.712196008 54.3415126768 47.1699056603 42.7551166529 49.6487663492 15.2643375225 6.32455532034 32.7566787083 34.1320963318  31.064449134 37.8549864615 48.0416485979 53.2259335287 38.9486841883 49.5176736126 46.0434577329 56.0802995712  31.064449134 29.4108823397 43.4626276242 18.3847763109 14.3178210633 56.2938717802 21.0237960416 22.2036033112 18.4390889146 8.24621125124   44.72135955 44.3846820423  47.853944456 49.3659801888  18.973665961 17.1172427686          10.0 12.1655250606 23.0217288664           6.0 42.0594816896 47.0106370942  52.697248505 54.4518135602 66.0681466366 49.9299509313  30.083217913 38.2883794382          25.0 57.2800139665 50.3289181286 51.6236379966  43.931765273 46.8614980554 46.6690475583 49.2036584006 53.0754180389  48.795491595 55.9732078766 32.0156211872
 15.5563491861 43.2897216438 29.1547594742 47.1699056603 33.5410196625 30.4138126515 14.1421356237 26.2488094968          25.0             0 11.1803398875 32.0156211872          35.0 52.2015325446          55.0   44.72135955 39.0512483795  22.360679775          15.0 15.8113883008 42.7200187266 52.2015325446  60.415229868 43.0116263352 53.1507290637 33.5410196625 20.6155281281  25.495097568 38.4707681233          10.0  8.0622577483  10.295630141 24.3515913238 35.3553390593 33.3766385366          28.0 41.2310562562  60.415229868 56.6038867923 36.4005494464 54.3415126768 48.3735464898 57.4282160614 49.7694685525 32.5576411922 30.4630924235  22.360679775 18.7882942281 25.2982212813  21.400934559 19.1049731745 17.2626765016 29.8328677804 41.1096095822  49.578221025 53.2259335287 48.0416485979 34.5253530033 37.1079506306 29.0688837075  40.249223595 6.32455532034 9.48683298051 22.6715680975  36.235341864 23.0217288664 66.2872536767 33.4215499341 14.7648230602  8.0622577483 28.1602556807 47.1699056603 45.2216762184 49.6487663492 52.5547333739 26.1725046566 28.6006992922 32.0156211872 29.5465734054 34.7131099154 25.7099202644 19.8494332413 28.0178514522 34.6698716467 40.4969134626 49.3963561409 42.0475920833    8.94427191 25.3179778023 7.07106781187 43.6577599059 38.8329756779  37.947331922 33.2415402772 36.3455636908 33.9558536927 39.3192065027 40.5215991787 35.4400902933 43.6806593357  25.495097568
 26.4007575649 50.2891638427 40.3112887415  57.008771255 35.3553390593 35.3553390593          15.0 24.1660919472 35.3553390593 11.1803398875             0 42.4264068712 41.2310562562 55.2268050859  60.827625303 46.0977222865 38.0788655293          25.0 7.07106781187          25.0 51.4781507049  60.415229868 69.4622199472  54.083269132 63.6396103068 43.0116263352 29.1547594742          35.0 49.6487663492 20.6155281281 17.0293863659 15.5241746963 35.4682957019 46.0977222865          43.0 18.6815416923          45.0 61.8465843843 66.4003012041   44.72135955 62.0322496771 53.1507290637 62.0725382114 51.7880295049 30.4138126515 24.7588368063          15.0 14.7648230602 14.3178210633 32.4499614792 29.8328677804 23.0867927612 38.0131556175 51.6236379966 60.1082357086 62.4339651152 54.3415126768 42.1544778167 41.0121933088 31.1448230048 41.7731971484  8.0622577483  8.0622577483          13.0 43.6806593357  30.083217913 76.2167960492 44.4072066223 24.7588368063 19.2353840617 37.1214223865 55.9464029228   53.66563146  58.137767415 61.2943716829 37.0135110466 39.6610640301 43.0116263352  40.718546143  45.607017004 36.6878726557 18.6815416923 28.6356421266 35.1710107901 43.1856457634 49.6487663492 47.6759897642 14.3178210633 30.5941170816 11.1803398875  46.270941205 43.0464865001 41.0487515035 38.4707681233 41.3037528561 38.0525951809  44.283179651 44.0113621693          39.0 47.0425339454 33.5410196625
 16.6433169771 23.4307490277 11.1803398875 15.8113883008 35.3553390593  25.495097568 33.5410196625 40.7921561087  25.495097568 32.0156211872 42.4264068712             0  22.360679775 43.0116263352 36.0555127546 42.7200187266 45.2769256907 30.4138126515 43.0116263352 30.4138126515 15.8113883008  25.495097568 30.4138126515          15.0 21.2132034356 7.07106781187 15.8113883008 9.21954445729 15.6524758425 26.9258240357  25.495097568 37.1618083521 17.2626765016          25.0 32.6955654485 54.1202365109 33.5410196625  54.083269132  25.079872408 14.1421356237 29.1204395571 34.7131099154 41.8688428309 44.2944691807 44.1021541424 49.7292670366 46.9574275275  40.718546143          55.0 12.3693168769 23.0217288664 24.3515913238 13.6014705087 9.21954445729  17.691806013 23.1948270095  29.206163733 16.6433169771 31.0161248385 33.0151480384 39.5600808897 34.7131099154 41.0487515035 54.6717477313 43.6806593357 38.0131556175 34.4818792991 7.21110255093  17.691806013 24.6981780705 33.7342555869 19.2353840617  18.973665961  22.360679775 24.0208242989 7.07106781187 8.54400374532 20.2484567313 14.7648230602 6.32455532034 19.6468827044          37.0 36.0555127546 39.2045915678 36.4005494464  49.040799341 27.8028775489 29.4108823397          24.0 37.2155881319 38.4837628098 30.8706980809 33.8378486314 25.2982212813 27.3130005675 29.1204395571 28.6530975638 34.0147027034 31.3209195267  36.235341864          15.0
 26.4007575649 9.43398113206 32.0156211872  25.495097568 15.8113883008 7.07106781187 26.9258240357 26.9072480941 43.0116263352          35.0 41.2310562562  22.360679775             0 21.2132034356          20.0 20.6155281281  25.495097568 18.0277563773 38.0788655293 42.7200187266 15.8113883008 21.2132034356 32.0156211872 36.4005494464 35.3553390593 15.8113883008 15.8113883008 16.2788205961 38.0131556175 36.4005494464 27.0185121722  44.283179651 35.4682957019 46.0977222865 51.8555686499  44.821869662 11.1803398875 32.0156211872 32.6955654485          10.0 21.6333076528 14.3178210633 23.0867927612 21.9544984001 27.2946881279  36.235341864 38.0131556175 31.9061122671  49.244289009 27.8028775489 38.0788655293 18.2482875909 9.21954445729 27.2946881279 33.0605505096 26.4196896272  13.152946438  6.0827625303 9.05538513814 15.8113883008 18.0277563773 33.5410196625 44.1021541424 54.1202365109 61.0573500899 51.6236379966 42.0594816896 29.5296461205 23.0867927612 31.7804971641 50.7740090991 19.2353840617 16.1245154966          20.0 23.6008474424  25.495097568  29.206163733 41.1096095822 35.4682957019 28.6356421266 38.2883794382 26.6270539114          20.0 19.9248588452 14.3178210633 26.9258240357 7.28010988928 27.2946881279 10.7703296143 42.0119030752 16.1554944214 8.54400374532 12.0415945788   4.472135955 5.09901951359 8.24621125124 6.40312423743 11.7046999107 10.0498756211 13.8924439894 11.1803398875
  46.872166581 21.1896201004 53.1507290637 41.2310562562          20.0  22.360679775 40.3112887415 33.3766385366 64.0312423743 52.2015325446 55.2268050859 43.0116263352 21.2132034356             0 15.8113883008 11.1803398875  22.360679775 30.4138126515          50.0 62.6498204307 31.6227766017          30.0 40.3112887415 55.9016994375 50.9901951359 36.0555127546 36.0555127546  37.483329628 58.5234995536 55.9016994375 44.9444101085 62.2976725087  56.639209034 67.2681202354          73.0 51.6623654124 11.1803398875 11.1803398875 45.0444225182 29.1547594742 27.1661554144 9.21954445729 10.6301458127 5.65685424949 29.4108823397  40.162171256 46.5295604965 42.0475920833 58.6941223633 48.9182992345 58.8217646794 35.1140997322 30.4138126515 46.0977222865 49.7292670366 38.0525951809 17.1172427686 26.4007575649 15.2315462117 24.0831891576 14.3178210633 48.8364617883  60.207972894          67.0 81.8413098624 71.5891053164 52.2398315464  50.219518118 43.0464865001 50.9901951359 71.6100551599 32.5576411922 29.8328677804 31.1448230048 34.0147027034 46.6904701197 50.3289181286 62.2896460096  56.639209034 49.0917508345 59.4642749893          37.0 27.0185121722 21.3775583264 12.0415945788 13.6014705087 15.2643375225 43.4165866922 27.3130005675 59.2030404625           9.0 13.8924439894 14.3178210633 20.2484567313 17.2046505341 18.3847763109 14.8660687473 11.7046999107 16.7630546142 8.54400374532 32.0156211872
 45.3541618818          13.0 47.1699056603 29.1547594742 29.1547594742  25.495097568 46.0977222865 42.9418211072  60.415229868          55.0  60.827625303 36.0555127546          20.0 15.8113883008             0          25.0 35.3553390593 36.4005494464  57.008771255 61.8465843843 21.2132034356 15.8113883008          25.0 46.0977222865 38.0788655293 29.1547594742 35.3553390593 33.8378486314 50.2493781056 55.9016994375 47.0106370942 64.1950153828 52.3259018078 61.0327780787 68.4762732631 61.7170964968 18.0277563773          25.0 30.8058436015  22.360679775 12.1655250606 9.21954445729 7.28010988928 21.0237960416 40.8044115262 51.3127664427  55.542776308 49.9799959984 67.4166151627 45.3100430368  56.302753041 38.1182371051 26.9258240357 36.1247837364 37.5898922584 24.0416305603 7.28010988928 21.8403296678 21.0237960416 31.7804971641 26.1725046566 53.3385414124 64.0702739186 73.5459040328 78.7908624144 70.6045324324          37.0 42.8018691181 42.5793377121 51.4781507049 68.5419579528 20.2484567313 18.4390889146   17.88854382 19.9248588452 41.5932686862  44.418464629  56.302753041 50.7740090991 41.2310562562 55.0090901579  44.598206242   35.77708764 32.2024843762 22.0227155455 29.0688837075  13.152946438 47.1699056603 30.2654919008 62.0080639917 20.5182845287 18.7882942281 22.4722050542  22.360679775 19.6468827044 23.4093998214 16.7630546142 19.4164878389 23.2594066992  17.691806013 30.4138126515
 42.4499705536  25.179356624 51.4781507049          45.0 11.1803398875 18.0277563773 31.6227766017          23.0  60.207972894   44.72135955 46.0977222865 42.7200187266 20.6155281281 11.1803398875          25.0             0 11.1803398875  22.360679775 40.3112887415  57.008771255          35.0 36.4005494464 47.4341649025  57.008771255          55.0 36.4005494464 32.0156211872 35.3553390593 58.3095189485          50.0  38.275318418 55.0090901579  53.600373133  65.192024052 69.5269731831 40.7921561087          10.0 15.8113883008 50.6359556047 30.4138126515 34.5398320783 16.1245154966  21.400934559  6.0827625303 18.4390889146 29.1204395571 36.0555127546   32.14031736 48.1663783152 45.8039299624 54.4518135602 28.6006992922 29.1547594742  47.853944456 53.0848377599 43.7378554573 23.4093998214 26.6833281283 11.7046999107 15.6524758425   4.472135955 40.4969134626 51.8652099196 57.2188780037 77.1556867638 65.8027355054 58.9406481132 49.7694685525 38.1837661841          45.0 67.1788657243 37.2155881319 34.1320963318 36.6742416418 40.0249921924 44.7772263545 48.7647413609  60.207972894 54.7083174664  49.040799341 56.4003546088 27.4590604355 17.4642491966 11.0453610172 6.32455532034 6.32455532034 18.1107702763   35.77708764 21.9317121995 51.4781507049 5.09901951359 12.1655250606    8.94427191 17.4642491966 15.5241746963 13.8924439894 15.0332963784 9.05538513814 11.6619037897 8.24621125124 29.1547594742
 40.7062648741 32.6955654485 52.2015325446 50.9901951359          10.0          20.0          25.0 13.9283882772 58.3095189485 39.0512483795 38.0788655293 45.2769256907  25.495097568  22.360679775 35.3553390593 11.1803398875             0 18.0277563773 31.6227766017 53.1507290637 41.2310562562   44.72135955 55.9016994375  60.207972894  60.827625303          40.0 31.6227766017 36.6742416418  60.207972894 46.0977222865 34.0587727319 49.2036584006 52.8015151298          65.0 67.7421582178 30.1496268634 18.0277563773          25.0 57.8705451849 35.3553390593 43.5660418216 26.1725046566 32.4499614792 17.0880074906  8.0622577483 18.2482875909 26.1725046566 23.4093998214 38.0131556175 45.3100430368 52.1536192416 25.5538646784 32.0156211872 52.0096144958 58.4208866759 51.2640224719 32.4499614792 31.2569992162 17.0880074906 12.6491106407 9.21954445729 33.8378486314 44.7772263545 48.0520551069 73.8782782691 61.5223536611 66.8505796534 51.7880295049  36.235341864 41.2310562562 64.4049687524 44.2718872424 41.1096095822 44.3846820423 47.9270278653  45.607017004 49.7292670366  60.166435826 55.0272659688 51.4781507049 55.4616984954 19.7230829233  11.401754251  6.0827625303 13.6014705087 12.0415945788 25.9422435421 30.4138126515 21.5870331449 45.2216762184 14.8660687473 18.7882942281 14.3178210633 21.2132034356 20.8806130178 17.2626765016 21.9317121995 16.6433169771 15.5241746963  17.691806013 30.4138126515
 22.8473193176 27.4590604355 35.3553390593 40.3112887415 11.1803398875 11.1803398875          10.0 10.4403065089 40.3112887415  22.360679775          25.0 30.4138126515 18.0277563773 30.4138126515 36.4005494464  22.360679775 18.0277563773             0 20.6155281281 35.3553390593 32.0156211872 39.0512483795 49.4974746831 45.2769256907  49.244289009 26.9258240357          15.0 21.2132034356 44.0454310911 28.2842712475 16.2788205961 32.6496554346 35.1140997322 47.4341649025 49.7393204618 26.9072480941          20.0 38.0788655293 48.8262224629          25.0 39.6610640301 28.2842712475 37.1214223865 27.5136329844 14.1421356237 19.6977156036          20.0 13.8924439894  31.304951685  27.892651362 34.1320963318 7.61577310586 19.2353840617 38.6005181312 46.2385120868 43.2781700168 30.4630924235 21.2602916255 16.0312195419  6.7082039325   17.88854382 18.4390889146 29.8328677804 37.3363094052 55.9732078766  43.931765273 58.6003412959 36.0138862107 18.3847763109 23.3452350599 46.4004310325 36.1247837364 33.2415402772  37.483329628 41.0121933088 29.0688837075 33.1360830516 42.7200187266 37.8549864615 36.1247837364 37.6961536499 8.60232526704  6.7082039325 12.7279220614 18.4390889146 27.2029410175 23.4093998214  13.416407865 7.81024967591 29.1547594742 21.5870331449 18.1107702763 16.1245154966 14.3178210633 16.7630546142  13.152946438 19.6468827044 19.0262975904          14.0 22.0907220344 15.8113883008
  28.231188427 47.4236228055 42.7200187266 56.5685424949          30.0 31.6227766017 11.1803398875 17.7200451467          40.0          15.0 7.07106781187 43.0116263352 38.0788655293          50.0  57.008771255 40.3112887415 31.6227766017 20.6155281281             0 30.4138126515          50.0 58.3095189485 68.0073525437 55.9016994375 64.0312423743 42.4264068712 28.2842712475 34.7131099154 52.2015325446          25.0   17.88854382 21.9317121995 38.8329756779 50.2493781056 48.2597140481          13.0 40.3112887415 55.9016994375 65.7951365984 43.0116263352 59.4810894319 48.8364617883 57.5586657246 46.1735855225  23.769728648  17.691806013  8.0622577483 8.24621125124 12.0415945788 34.5398320783 34.0587727319 20.8086520467 36.4005494464 52.2015325446  60.605280298 61.2209114601 50.9215082259 39.9624824054 36.4965751818 26.0768096208 36.1247837364 9.21954445729          15.0          17.0 49.9799959984 36.4005494464 75.6901578807 46.0651712251 25.5538646784  22.360679775 42.7551166529 54.4058820349 51.8652099196  56.302753041  59.640590205 38.4707681233  41.629316593 46.6904701197 43.6806593357 47.0106370942 40.4474968323          13.0 23.0217288664 29.2745623366 38.0131556175 43.4165866922  43.965895874 13.6014705087 27.3130005675 17.4642491966          41.0 38.6393581727 36.1247837364 34.7850542619 37.3630833845 33.7342555869 40.2616442784 39.2045915678 34.3656805549 42.1070065429 32.0156211872
 16.4924225025 49.0306026885  22.360679775 46.0977222865 46.0977222865 40.3112887415 29.1547594742 41.3400532172 11.1803398875 15.8113883008          25.0 30.4138126515 42.7200187266 62.6498204307 61.8465843843  57.008771255 53.1507290637 35.3553390593 30.4138126515             0          45.0          55.0  60.827625303 36.0555127546  49.244289009          35.0 26.9258240357 28.2842712475 29.8328677804 7.07106781187 19.1049731745 10.7703296143 15.2643375225  22.360679775          18.0 43.2897216438 51.4781507049 72.1110255093 55.0817574157 40.3112887415 58.0775343829  57.008771255 65.7875368136 61.2943716829 47.4341649025 46.2385120868 38.0788655293 34.5398320783 39.1152144312 18.1107702763  8.0622577483 28.4253408071 34.9284983931  37.947331922 45.6946386352  53.600373133 54.5710545986 40.0249921924 47.5078940809 41.7731971484 52.6307894678 22.1359436212 18.4390889146 32.3109888428 20.8086520467    8.94427191 63.9061812347  28.231188427 19.6977156036 12.0415945788 12.3693168769  49.040799341 48.0104155366 52.0096144958 54.1479454827 23.3452350599 23.4093998214 20.6155281281 20.8086520467  30.083217913 14.8660687473 34.9857113691 41.7731971484 48.0832611207 51.8652099196 62.3698645181 49.9799959984 23.0217288664 35.5105618091 14.1421356237  54.918120871 48.7647413609 49.0917508345 42.4852915725 45.6179789118  44.418464629 48.3321838944 51.1077293567 46.3249392876 54.2033209315 31.6227766017
 29.2745623366 10.4403065089 26.9258240357          10.0 31.6227766017  22.360679775 39.0512483795 41.8807831827 41.2310562562 42.7200187266 51.4781507049 15.8113883008 15.8113883008 31.6227766017 21.2132034356          35.0 41.2310562562 32.0156211872          50.0          45.0             0          10.0 18.0277563773          25.0          20.0          10.0  22.360679775 17.4642491966 29.0688837075 40.3112887415 34.9284983931 50.0099990002 32.9848450049 40.3112887415 48.4664832642 58.7281874401          25.0 42.7200187266          17.0 7.07106781187 13.3416640641 22.4722050542 27.8028775489 34.5253530033 42.9534631898 51.3127664427 51.6236379966 45.2548339959 61.8465843843 27.0739727414 38.2099463491  29.206163733 13.6014705087          15.0 18.2482875909  11.313708499 15.2643375225 10.8166538264 24.3310501212  31.304951685 33.2415402772 43.4165866922 52.2015325446 64.4127316608 59.4810894319 53.1507290637 26.6270539114 21.9544984001 28.1602556807 36.8781778292 49.4772675074   4.472135955 3.16227766017 7.07106781187  9.8488578018  22.360679775 24.3515913238   35.77708764 30.4630924235 20.2484567313 35.4400902933 40.3608721412 35.3553390593 35.7351367704 29.0688837075 41.0487515035 17.1172427686 37.2155881319 24.2074368738  49.040799341 30.0166620396 23.0867927612 27.2946881279 20.2484567313 20.3960780544 24.0416305603 20.0249843945 26.0192236625 25.7099202644 27.0739727414 18.0277563773
 39.2045915678 12.2065556157 36.4005494464 14.1421356237 36.0555127546 28.2842712475 47.1699056603 48.1040538832 50.9901951359 52.2015325446  60.415229868  25.495097568 21.2132034356          30.0 15.8113883008 36.4005494464   44.72135955 39.0512483795 58.3095189485          55.0          10.0             0 11.1803398875 32.0156211872  22.360679775          20.0 31.6227766017 27.2946881279 37.2155881319 50.2493781056 44.2718872424 59.8414572015 42.7551166529  49.244289009 57.8705451849 65.9469483752 26.9258240357 40.3112887415 15.1327459504 15.8113883008 4.24264068712 21.0950231097 23.0867927612 34.2344855372 48.0104155366 57.3846669416 59.0338885726 52.8015151298   69.89277502 37.0540146273 48.1663783152 37.5898922584 22.4722050542 22.4722050542 22.2036033112 8.24621125124  13.152946438 18.3575597507 27.7848879789 36.8781778292 35.8468966579 52.3927475897 61.6846820532 73.4098086089 69.1230786351 63.1268564083 22.5610283454 31.0161248385 37.8549864615 46.6904701197 59.2283715798 6.32455532034 7.07106781187 3.16227766017 4.12310562562 32.2490309932 33.9558536927 44.9444101085 39.8497176903 29.1547594742 45.1220566907 47.6340214553 41.1096095822 39.9624824054  31.384709653 41.7731971484 18.7882942281 46.0977222865 31.4006369362 58.6941223633 31.3209195267 25.9422435421 30.4138126515  25.495097568 24.4131112315 28.6006992922  22.825424421  28.231188427 29.6816441593 28.1602556807 26.9258240357
 46.1735855225 23.3238075794          40.0          15.0 47.1699056603 39.0512483795  57.008771255 58.8982172905          55.0  60.415229868 69.4622199472 30.4138126515 32.0156211872 40.3112887415          25.0 47.4341649025 55.9016994375 49.4974746831 68.0073525437  60.827625303 18.0277563773 11.1803398875             0 31.6227766017 18.0277563773 26.9258240357 40.3112887415 34.9284983931 38.0788655293  57.008771255 52.7730992078  67.052218457 47.0425339454 50.9901951359 60.5309838017 76.3806258157 38.0788655293          50.0 8.60232526704          25.0  13.152946438 31.7804971641 32.0624390838 44.9110231458  59.076221951  68.249542123 69.3541635376 63.0317380373 79.8122797569 42.7551166529 53.3385414124 47.2016948848 31.6227766017 24.0831891576 19.6977156036 7.28010988928 24.0416305603  28.319604517 38.9486841883 47.8016736109 47.0106370942  61.400325732 69.8569967863 82.3650411279 72.3394774656 68.2641926635          12.0 34.0147027034 45.6946386352  54.083269132 63.0317380373 13.6014705087 16.2788205961 12.0415945788 8.48528137424  37.483329628 38.0525951809 47.3814309619 43.0464865001 32.0156211872          49.0          58.0 52.0096144958 51.1077293567 42.5440947724 52.6307894678 29.9666481275 55.2268050859 41.7252920901 66.4830805544 42.3792402008 37.1214223865 41.5932686862 36.4005494464 35.5105618091 39.6610640301          34.0 39.3954312072 40.8166632639 39.2173431023 36.0555127546
 27.7848879789 34.9857113691 14.1421356237 18.0277563773 50.2493781056 40.3112887415 47.4341649025 55.5787729264 26.9258240357 43.0116263352  54.083269132          15.0 36.4005494464 55.9016994375 46.0977222865  57.008771255  60.207972894 45.2769256907 55.9016994375 36.0555127546          25.0 32.0156211872 31.6227766017             0          15.0 20.6155281281 30.4138126515 24.0831891576 7.07106781187 35.3553390593 38.0131556175  45.343136195 20.8086520467          20.0 30.0665927567 67.7790528113 47.4341649025  67.082039325 23.5372045919 26.9258240357  36.235341864 47.0106370942 52.8015151298 57.9396237475  59.076221951 64.3272881443 60.7453701939 54.7083174664 67.6017751246 21.6333076528 28.0178514522 38.8329756779 28.2842712475          10.0 12.1655250606 25.9422435421 40.2243707222 30.3644529014 45.3541618818 48.0104155366 54.1294744109 47.0106370942 50.9901951359 65.2993108693 42.1070065429 41.2310562562 30.0665927567  9.8488578018 30.4630924235          35.0 33.9558536927 26.1725046566 27.6586333719 29.0688837075 28.8444102037 17.4642491966 14.4222051019 17.4642491966 15.2643375225 9.21954445729 21.4709105536 51.4198405287 51.0392006207 54.1479454827 50.6951674225  63.324560796  40.718546143 42.5440947724          39.0 46.6904701197 52.4976189936 44.9221548904 48.2700735446 39.8120584748 41.4849370254 43.7378554573 42.3792402008 48.0832611207 45.8911756223 49.9799959984          30.0
 37.6430604494 30.1496268634 26.9258240357          10.0 50.9901951359 41.2310562562  54.083269132 59.6154342432 41.2310562562 53.1507290637 63.6396103068 21.2132034356 35.3553390593 50.9901951359 38.0788655293          55.0  60.827625303  49.244289009 64.0312423743  49.244289009          20.0  22.360679775 18.0277563773          15.0             0  22.360679775 36.0555127546 29.4108823397 22.0227155455 47.1699056603 46.6904701197 57.4543296889 34.1760149813          35.0 45.0444225182 74.6257328272          45.0 61.8465843843 9.43398113206  25.495097568 26.4196896272 41.7731971484 45.3100430368 54.3323108288 61.6846820532 68.9420046126 67.4166151627 61.0573500899 76.0591874792 32.4499614792 41.2310562562  44.418464629  30.083217913 12.0415945788 3.60555127546 14.4222051019 33.9558536927 29.6141857899 44.1814440687          50.0 53.1507290637 55.9016994375 62.0080639917 75.8221603491 57.0788927713 55.3624421427 15.1327459504 21.0237960416 38.8973006776  45.607017004 48.6621002424 18.4390889146 21.2132034356 20.2484567313 18.3575597507 27.2029410175 25.9422435421 32.2490309932 29.1204395571 19.2353840617 35.4400902933 56.8242905807 53.7587202229 55.1089829338  49.040799341 61.0327780787 37.0540146273 50.4479930225 41.7851648316 58.0086200491 50.0099990002 43.0464865001 47.1699056603 39.6232255123 40.1995024845 43.5660418216 40.0124980475 46.0108682813 45.3982378513 47.0425339454 33.5410196625
 19.4164878389 16.4012194669 18.0277563773 14.1421356237          30.0          20.0 32.0156211872 37.3363094052 31.6227766017 33.5410196625 43.0116263352 7.07106781187 15.8113883008 36.0555127546 29.1547594742 36.4005494464          40.0 26.9258240357 42.4264068712          35.0          10.0          20.0 26.9258240357 20.6155281281  22.360679775             0 14.1421356237  8.0622577483 22.4722050542 30.4138126515 26.0768096208 40.2616442784 23.4093998214 32.0156211872 39.3573373083 52.4309069157 26.9258240357 47.1699056603 23.4307490277 7.07106781187 23.1948270095 27.6586333719 34.8281495345 37.5765884561 39.8120584748 46.6154480832 45.2216762184 38.8329756779 54.4518135602 17.1172427686 28.2842712475 22.2036033112  8.0622577483 12.0415945788 19.3132079158 19.6977156036 22.2036033112  9.8488578018 24.7386337537 28.2842712475 33.5410196625          35.0 42.9534631898 55.7584074378 49.9799959984 43.1856457634 33.3016516107 14.2126704036 18.7882942281 27.2029410175 39.8497176903 14.1421356237 13.0384048104 17.0293863659 19.4164878389 12.6491106407 15.2643375225 27.2029410175 21.6333076528 13.0384048104          26.0 34.4818792991 31.7804971641 34.0147027034  30.083217913 42.7200187266 20.8086520467 29.0688837075 19.6468827044 39.5600808897 31.9530906173 24.3515913238 27.6586333719 19.2353840617 20.8806130178 23.1948270095 21.9317121995 27.5136329844 25.3179778023 29.5465734054 11.1803398875
 10.8166538264          23.0 20.6155281281 28.2842712475  22.360679775 14.1421356237 18.0277563773  25.179356624 28.2842712475 20.6155281281 29.1547594742 15.8113883008 15.8113883008 36.0555127546 35.3553390593 32.0156211872 31.6227766017          15.0 28.2842712475 26.9258240357  22.360679775 31.6227766017 40.3112887415 30.4138126515 36.0555127546 14.1421356237             0  6.7082039325 29.0688837075 20.6155281281 12.6491106407          29.0 21.6333076528 33.5410196625 37.5366487582 38.5875627631          25.0 46.0977222865 37.5366487582 15.8113883008 33.7342555869  30.083217913 38.8973006776 35.3836120259 29.0688837075 33.9558536927  31.384709653 25.0599281723 40.3112887415 13.8924439894  22.803508502 8.54400374532 9.21954445729 24.5967477525 32.7566787083 33.2866339542 28.1602556807 14.0356688476 21.2602916255  18.973665961 28.0178514522 21.0950231097  30.083217913 42.0594816896 45.8039299624 35.8468966579 47.4236228055 21.0237960416 7.28010988928 16.1245154966 35.6089876295   26.83281573 24.6981780705 29.1547594742 32.2024843762 14.1421356237 18.2482875909 28.6356421266 23.4093998214 21.2132034356 24.4131112315 21.1896201004 21.2132034356  25.632011236 26.1725046566 38.0131556175 23.0867927612          15.0  10.295630141 27.2946881279          29.0 22.2036033112 23.3452350599 15.8113883008 18.8679622641 18.3847763109 21.4709105536 24.8394846967 20.5182845287 27.8028775489           5.0
          12.0 20.8806130178 16.1245154966 22.0227155455 26.9258240357 17.4642491966 24.6981780705 31.5753068077 26.9258240357  25.495097568          35.0 9.21954445729 16.2788205961  37.483329628 33.8378486314 35.3553390593 36.6742416418 21.2132034356 34.7131099154 28.2842712475 17.4642491966 27.2946881279 34.9284983931 24.0831891576 29.4108823397  8.0622577483  6.7082039325             0 23.5372045919 23.0217288664 18.0277563773 32.5576411922 19.2093727123          30.0 35.6089876295 45.2769256907 27.0185121722 48.1663783152 31.4006369362 12.0415945788 30.0166620396 30.2324329157 38.4707681233 37.8021163429    35.0142828 40.5215991787 38.0788655293 31.7647603485 46.7546789102 11.6619037897 22.4722050542 15.2315462117 7.21110255093   17.88854382 26.0768096208 27.7308492477 26.5706605112 12.0830459736 23.8537208838 24.1867732449 31.7804971641 27.0185121722 34.9284983931 47.7074417675 45.1774279923 36.8781778292 41.2310562562 15.1327459504 10.7703296143 19.4164878389  34.885527085 21.8403296678 20.2237484162 24.5153013443 27.2029410175 9.43398113206  13.416407865          25.0 19.4164878389          15.0 22.0227155455 27.8567765544          27.0 30.5941170816 29.1547594742 41.5932686862 23.0217288664 21.2132034356 15.1327459504 31.6227766017 31.6227766017 24.2074368738 26.4196896272 18.0277563773 20.6155281281 21.4709105536  22.627416998 27.2029410175 23.7065391823 29.8328677804 6.32455532034
