             0 12.3693168769 19.2093727123  31.064449134 22.2036033112 16.7630546142  22.825424421 11.6619037897 24.2074368738 34.0147027034 12.0830459736 20.8806130178 41.8688428309 26.9258240357 36.0138862107 18.6010752377 30.6757233004 27.5862284483 45.7930125674 20.8806130178 26.9258240357 7.07106781187 21.5870331449          29.0 33.1058907145 18.8679622641  8.0622577483 16.1554944214 21.3775583264 32.6496554346          17.0  6.0827625303 42.9534631898   30.61045573 27.3130005675  31.064449134 30.4138126515 18.7882942281 43.0464865001 56.0357029045 44.2040722106 44.9444101085 34.1760149813 37.6563407675 42.0475920833 13.9283882772 23.3238075794 12.3693168769 26.4007575649 24.2074368738 13.8924439894
 12.3693168769             0 15.2970585408 37.0135110466 21.0237960416 28.0713376952 34.9284983931 22.2036033112 16.2788205961 28.0713376952 10.6301458127 24.7588368063 50.1198563446 37.6563407675 35.4682957019 8.54400374532 34.0587727319   35.77708764 50.9116882454 12.0415945788 14.7648230602 10.6301458127 33.9558536927 41.1096095822 43.4165866922 29.0688837075 19.0262975904  18.973665961 9.05538513814  23.769728648 23.3238075794  11.401754251 39.1152144312          20.0 19.1049731745 24.4131112315 31.9061122671 14.5602197786 35.4400902933 61.5223536611 50.4479930225 48.0104155366 46.4865571967 38.9486841883 40.2616442784 19.7230829233 29.4108823397 24.7386337537 21.0237960416 13.8924439894 21.0237960416
 19.2093727123 15.2970585408             0 49.6789693935 36.0555127546 35.3553390593    35.0142828 21.0950231097          31.0 43.0116263352  25.079872408  38.275318418 61.0737259384 45.6508488421 50.5964425627          23.0 48.0208288142 46.7546789102 64.2028036771 7.81024967591 24.1660919472 12.2065556157 36.6742416418  45.607017004 51.9711458407 25.3179778023 27.2029410175 9.48683298051 17.0880074906  37.483329628 15.8113883008  22.803508502 54.3323108288 32.2800247831 10.0498756211 12.0830459736 46.5188133985 29.8328677804 49.4974746831 74.6525284234 63.0317380373 62.2655603042          47.0  53.712196008  55.542776308 32.0156211872 41.8688428309 28.4604989415 36.2215405525 27.2946881279 32.5576411922
  31.064449134 37.0135110466 49.6789693935             0 20.3960780544 21.0237960416 37.1214223865 37.6430604494 32.7566787083 31.4006369362 26.6270539114 12.5299640861 15.0332963784   17.88854382 18.8679622641 35.3411940941 7.61577310586 7.61577310586 14.7648230602 48.9182992345 44.9444101085 38.0131556175 31.2569992162 28.6356421266  17.691806013 42.5793377121 24.1660919472 47.0106370942 43.9089968002 38.0131556175 46.2385120868 26.9072480941 30.5286750449 41.5932686862 55.9732078766  60.811183182 12.6491106407 26.5706605112 40.5215991787          25.0 13.4536240471 16.0312195419 40.8533964316 14.8660687473 24.8394846967  17.691806013 7.81024967591 29.4278779391 28.0713376952 37.6430604494 17.2046505341
 22.2036033112 21.0237960416 36.0555127546 20.3960780544             0  25.495097568 40.2243707222 33.2415402772 12.3693168769 14.2126704036 11.1803398875 9.21954445729 35.3553390593 30.4630924235 14.5602197786 16.2788205961 14.7648230602 23.1948270095 31.9061122671 32.7566787083 25.0599281723 27.0739727414 36.1247837364 38.8329756779 33.9558536927  40.162171256  20.591260282 37.1214223865 25.4558441227 18.2482875909 39.1152144312 16.1245154966 20.8806130178 21.2132034356 39.6610640301 45.2769256907  11.313708499 7.07106781187 24.2074368738 42.4381903478 32.6955654485 27.5862284483  48.795491595 18.0277563773 20.0249843945 12.0415945788 15.1327459504 29.1547594742 8.24621125124 17.4642491966 14.1421356237
 16.7630546142 28.0713376952 35.3553390593 21.0237960416  25.495097568             0 16.4924225025 18.0277563773 34.0147027034 39.6988664826 21.8403296678 18.0277563773 27.2029410175  10.295630141 34.4383507154 31.5753068077 24.7386337537 14.5602197786 34.9284983931 37.6430604494 41.3037528561 23.2594066992 11.1803398875 13.9283882772 16.6433169771 21.8403296678 9.05538513814 29.7321374946 37.0135110466 42.0594816896 27.2029410175 17.0293863659 44.6542271235 42.3792402008 44.0113621693 47.4130783645 27.3130005675   26.83281573 49.6789693935 44.0113621693 31.9530906173          37.0 23.3452350599 33.2415402772 41.1460812229 13.6014705087 15.5241746963    8.94427191 33.0151480384 36.4005494464  11.401754251
  22.825424421 34.9284983931    35.0142828 37.1214223865 40.2243707222 16.4924225025             0 14.0356688476 46.0977222865 54.0370243444 33.3016516107 34.0147027034 39.8497176903 21.5870331449 50.6951674225 41.3400532172 41.2310562562          30.0 50.1597448159 40.3112887415 49.6588360717 25.7099202644  6.0827625303 14.2126704036 26.9258240357 11.1803398875 19.8494332413 26.3058928759 43.6577599059 54.5618914628 20.8806130178 27.0185121722  60.415229868 53.2541078228          45.0  46.389654019 43.6577599059 39.5979797464 63.7808748764 58.2494635168 46.5295604965 53.1507290637 12.0415945788 49.7292670366 57.3846669416 28.3019433962 32.0156211872  11.313708499 46.7546789102  46.872166581 26.4196896272
 11.6619037897 22.2036033112 21.0950231097 37.6430604494 33.2415402772 18.0277563773 14.0356688476             0 35.8050275799 45.6179789118 23.7065391823          30.0 45.2216762184 27.5862284483  46.270941205 29.6984848098 39.2045915678 32.2024843762 52.2015325446 26.3058928759 36.8917334914 12.0830459736 15.8113883008  25.079872408  33.941125497 7.21110255093 14.0356688476          13.0 30.4138126515 44.2040722106 9.21954445729 17.4642491966 54.1202365109 41.7252920901 31.0161248385 32.7566787083 40.0124980475 30.4138126515 54.7083174664 61.7413961617 49.6588360717 52.9528091795 26.0768096208 47.0106370942 52.6117857519 23.0217288664 30.5941170816 9.21954445729 38.0131556175 35.3553390593 22.0227155455
 24.2074368738 16.2788205961          31.0 32.7566787083 12.3693168769 34.0147027034 46.0977222865 35.8050275799             0 12.0415945788 12.8062484749 21.0237960416 47.6759897642          41.0 23.3452350599           8.0 26.9258240357          35.0 43.8292140016  25.495097568 13.4536240471          26.0 43.2666153056 47.9270278653 45.2769256907 43.0116263352 26.6270539114 35.1710107901 16.1554944214 8.48528137424          39.0 19.1049731745  23.769728648           9.0 31.6227766017 37.6430604494  22.825424421 7.28010988928 19.3132079158 54.2033209315 44.9444101085 38.6005181312  56.302753041 28.4253408071 26.4196896272 20.8806130178 27.0185121722 34.8281495345 6.40312423743 5.65685424949 23.0867927612
 34.0147027034 28.0713376952 43.0116263352 31.4006369362 14.2126704036 39.6988664826 54.0370243444 45.6179789118 12.0415945788             0 21.9317121995  22.825424421 46.1735855225 44.2944691807 15.8113883008 20.0249843945 24.0831891576 36.0555127546 38.8329756779  37.483329628 23.7065391823 37.1079506306 50.2095608425 53.0094331228 47.1699056603 52.7730992078  34.205262753 46.6904701197  27.892651362 9.21954445729          50.0 28.1780056072 12.0830459736 15.6204993518 43.4165866922 49.4772675074 19.0262975904 15.2315462117          10.0 48.3838816136 41.1946598481 31.9530906173 62.9682459657 21.8403296678 16.2788205961 26.1725046566  28.231188427 42.8018691181 7.61577310586 16.7630546142  28.319604517
 12.0830459736 10.6301458127  25.079872408 26.6270539114 11.1803398875 21.8403296678 33.3016516107 23.7065391823 12.8062484749 21.9317121995             0 14.2126704036 40.3112887415 30.0166620396 25.7099202644          10.0 23.4307490277 26.2488094968 40.3112887415 22.6715680975 20.0249843945          16.0 30.5286750449 35.7351367704 35.1283361405  30.886890423 13.8924439894 26.0192236625 17.4642491966 21.2602916255 28.4429253067 6.40312423743 31.2569992162 20.6155281281 29.7321374946          35.0 21.4709105536  6.7082039325  31.064449134  50.931326313          40.0 37.4432904537 43.5660418216 28.6356421266 31.1448230048 10.1980390272 19.2353840617 22.0227155455 14.3178210633 14.5602197786 12.0415945788
 20.8806130178 24.7588368063  38.275318418 12.5299640861 9.21954445729 18.0277563773 34.0147027034          30.0 21.0237960416  22.825424421 14.2126704036             0 26.9258240357 21.4709105536 16.7630546142 22.8473193176  9.8488578018 14.0356688476 26.1725046566 36.7695526217 32.5729949498 27.3130005675 29.1547594742 30.4795013083 24.7386337537 36.2215405525 16.0312195419          37.0  31.384709653 27.4590604355  37.483329628 15.6524758425 26.6270539114 30.0166620396 43.8406204336 48.9182992345 10.0498756211 14.3178210633 32.7566787083 36.7695526217 25.8069758011 24.1660919472 41.2310562562 17.0293863659 23.4093998214 7.07106781187           6.0  23.769728648 17.4642491966  25.495097568  8.0622577483
 41.8688428309 50.1198563446 61.0737259384 15.0332963784 35.3553390593 27.2029410175 39.8497176903 45.2216762184 47.6759897642 46.1735855225 40.3112887415 26.9258240357             0 18.3847763109 32.2800247831 49.6487663492 22.0907220344 14.4222051019 14.4222051019 61.5873363607 59.4810894319 48.9182992345 33.8378486314 27.1661554144  13.152946438 48.3011387029 33.9705755029  56.639209034 57.7754273026 53.0377224247 54.4058820349 39.1152144312 43.6577599059 56.5685424949 68.5054742338 72.8010988928 27.1661554144 41.2310562562  54.918120871          19.0 9.43398113206 21.9317121995          39.0 26.9258240357 37.1618083521 30.4138126515 21.1896201004 36.0555127546 43.1045241245 52.3927475897 29.1547594742
 26.9258240357 37.6563407675 45.6508488421   17.88854382 30.4630924235  10.295630141 21.5870331449 27.5862284483          41.0 44.2944691807 30.0166620396 21.4709105536 18.3847763109             0 35.3836120259 40.0124980475 24.2074368738  10.295630141 29.0172362571  47.759815745          50.0 33.5410196625 15.5241746963 10.7703296143 6.40312423743 30.0166620396  18.973665961 39.8246155035  46.389654019 48.3838816136 36.7967389859 26.3058928759 46.6904701197 49.8196748283 54.2309874518  57.706152185 28.2842712475 33.7342555869 54.2033209315 36.6742416418  25.079872408 33.2415402772 23.0867927612 32.4499614792 41.8688428309 20.2237484162 16.4012194669 18.3847763109 38.6264158317  44.283179651 18.1107702763
 36.0138862107 35.4682957019 50.5964425627 18.8679622641 14.5602197786 34.4383507154 50.6951674225  46.270941205 23.3452350599 15.8113883008 25.7099202644 16.7630546142 32.2800247831 35.3836120259             0 29.6816441593  11.401754251  25.495097568 23.1948270095 46.9574275275 36.7695526217 41.4366987102 45.6179789118  45.607017004 36.4005494464 52.7730992078 32.5576411922 51.4781507049 38.8329756779 24.5967477525 53.0094331228 30.0665927567 11.6619037897 30.2324329157  53.712196008 59.4810894319 7.21110255093 21.0237960416 23.0217288664 32.5729949498 26.0192236625 16.1554944214 57.1401785086  6.0827625303  6.7082039325 23.3452350599 19.4164878389 40.5215991787 16.9705627485          29.0 24.7386337537
 18.6010752377 8.54400374532          23.0 35.3411940941 16.2788205961 31.5753068077 41.3400532172 29.6984848098           8.0 20.0249843945          10.0 22.8473193176 49.6487663492 40.0124980475 29.6816441593             0 30.8058436015  35.902646142 48.0104155366 17.7200451467 10.0498756211 18.8679622641 39.3954312072 45.3541618818 45.0998891351 36.7967389859 23.0867927612 27.5136329844 9.21954445729 15.2315462117 31.7647603485 14.8660687473 31.5753068077 12.0415945788 24.1660919472  30.083217913 27.5862284483 9.21954445729 26.9258240357 58.6003412959 48.3735464898 43.8406204336 52.3259018078 34.0587727319 33.6154726279 20.0997512422 28.4604989415 30.4138126515 13.6014705087 5.65685424949 22.0227155455
 30.6757233004 34.0587727319 48.0208288142 7.61577310586 14.7648230602 24.7386337537 41.2310562562 39.2045915678 26.9258240357 24.0831891576 23.4307490277  9.8488578018 22.0907220344 24.2074368738  11.401754251 30.8058436015             0 14.1421356237 17.2046505341 46.0977222865 39.8246155035 37.1618083521 35.7351367704 34.6698716467          25.0          45.0  25.179356624 46.8187996429 39.8246155035 31.2569992162 47.0744091838  25.495097568 23.0217288664 35.4400902933 53.1507290637  58.412327466 5.09901951359 21.6333076528 32.9848450049 27.8028775489 18.0277563773 14.3178210633 46.5295604965 8.54400374532  17.691806013 16.7630546142 9.21954445729 32.0624390838 21.5870331449 32.2024843762 17.2626765016
 27.5862284483   35.77708764 46.7546789102 7.61577310586 23.1948270095 14.5602197786          30.0 32.2024843762          35.0 36.0555127546 26.2488094968 14.0356688476 14.4222051019  10.295630141  25.495097568  35.902646142 14.1421356237             0 20.3960780544 47.1699056603 45.8911756223 34.6554469023 24.0208242989 21.0237960416 11.1803398875 36.4005494464 19.8494332413 42.8018691181 43.6577599059 41.4366987102 41.1825205639 24.6981780705 37.0135110466          44.0  54.083269132  58.412327466 18.6010752377 28.0713376952 45.6946386352 29.5465734054 17.4642491966 23.3452350599 33.2415402772 22.2036033112 31.8276609257 16.1554944214  8.0622577483 23.4093998214 31.4006369362 39.2045915678 14.7648230602
 45.7930125674 50.9116882454 64.2028036771 14.7648230602 31.9061122671 34.9284983931 50.1597448159 52.2015325446 43.8292140016 38.8329756779 40.3112887415 26.1725046566 14.4222051019 29.0172362571 23.1948270095 48.0104155366 17.2046505341 20.3960780544             0 62.9364759102 56.9385633819  52.697248505 44.1021541424 39.3192065027 25.7099202644 56.7538544947 38.9101529167 61.7737808459  57.008771255 47.1274866718 60.9261848469  41.400483089 33.1360830516          52.0 70.0071424927 75.0732975165 21.0237960416 38.8329756779 46.0434577329 10.6301458127           5.0 8.54400374532 51.6236379966 17.1172427686 26.1725046566 32.2024843762 22.4722050542 43.6806593357 38.0788655293  49.244289009 31.9061122671
 20.8806130178 12.0415945788 7.81024967591 48.9182992345 32.7566787083 37.6430604494 40.3112887415 26.3058928759  25.495097568  37.483329628 22.6715680975 36.7695526217 61.5873363607  47.759815745 46.9574275275 17.7200451467 46.0977222865 47.1699056603 62.9364759102             0 16.7630546142 15.0332963784 41.0121933088 49.3659801888 53.8516480713 31.6227766017 28.7923600978 16.6433169771 10.0498756211 31.0161248385  22.825424421 22.4722050542  49.244289009 25.3179778023 7.07106781187 12.5299640861 43.8292140016 25.9422435421 43.0464865001 73.5391052434 62.3698645181          60.0 52.3450093132 50.7740090991 51.2640224719 31.4006369362 41.2310562562   32.14031736 31.3209195267 21.0237960416 32.4499614792
 26.9258240357 14.7648230602 24.1660919472 44.9444101085 25.0599281723 41.3037528561 49.6588360717 36.8917334914 13.4536240471 23.7065391823 20.0249843945 32.5729949498 59.4810894319          50.0 36.7695526217 10.0498756211 39.8246155035 45.8911756223 56.9385633819 16.7630546142             0          25.0 48.3838816136  54.918120871 55.1452627158 43.6004587132 32.5576411922 31.4006369362 7.21110255093 15.5241746963 36.7967389859 24.3310501212   35.77708764 9.05538513814          21.0 27.0185121722 36.0555127546 18.3847763109 27.1661554144 67.4166151627  57.697486947 52.0096144958 61.0982814816 41.8688428309 39.4081209905 30.1496268634 38.3275357935 39.2173431023 19.7989898732 7.81024967591 32.0624390838
 7.07106781187 10.6301458127 12.2065556157 38.0131556175 27.0739727414 23.2594066992 25.7099202644 12.0830459736          26.0 37.1079506306          16.0 27.3130005675 48.9182992345 33.5410196625 41.4366987102 18.8679622641 37.1618083521 34.6554469023  52.697248505 15.0332963784          25.0             0          26.0 34.3656805549 39.8246155035 18.6010752377          15.0 10.0498756211 18.3575597507          34.0          13.0 11.7046999107 47.1699056603   30.61045573 20.8806130178 24.1867732449 36.4005494464 22.2036033112 45.3100430368 63.0079360081 51.2249938995 51.4781507049 37.6563407675 43.6806593357 47.0956473573  20.591260282 30.2324329157 17.1172427686 29.6141857899 24.4131112315 20.8086520467
 21.5870331449 33.9558536927 36.6742416418 31.2569992162 36.1247837364 11.1803398875  6.0827625303 15.8113883008 43.2666153056 50.2095608425 30.5286750449 29.1547594742 33.8378486314 15.5241746963 45.6179789118 39.3954312072 35.7351367704 24.0208242989 44.1021541424 41.0121933088 48.3838816136          26.0             0 9.43398113206 21.0237960416 15.5563491861 16.6433169771 28.7923600978 42.9534631898 51.6139516023 24.1867732449 24.5967477525 55.7584074378          51.0  46.389654019 48.5077313425 38.4837628098 36.4005494464 60.1082357086  52.172789843 40.4474968323 47.2652091924 13.0384048104 44.2718872424 52.3259018078 24.0831891576 26.5706605112 9.21954445729 43.1856457634   44.72135955 22.0227155455
          29.0 41.1096095822  45.607017004 28.6356421266 38.8329756779 13.9283882772 14.2126704036  25.079872408 47.9270278653 53.0094331228 35.7351367704 30.4795013083 27.1661554144 10.7703296143  45.607017004 45.3541618818 34.6698716467 21.0237960416 39.3192065027 49.3659801888  54.918120871 34.3656805549 9.43398113206             0 14.0356688476 24.8394846967  22.360679775 38.0788655293 50.1597448159 55.9016994375 33.6154726279 30.5941170816  56.639209034  56.302753041 55.1089829338 57.5673518585 38.4187454246  40.718546143 63.0079360081 46.0977222865 35.0570962859  43.965895874 12.3693168769 43.0464865001 52.2015325446 27.2946881279 26.2488094968 17.2626765016 46.6476151588 50.2891638427 25.0599281723
 33.1058907145 43.4165866922 51.9711458407  17.691806013 33.9558536927 16.6433169771 26.9258240357  33.941125497 45.2769256907 47.1699056603 35.1283361405 24.7386337537  13.152946438 6.40312423743 36.4005494464 45.0998891351          25.0 11.1803398875 25.7099202644 53.8516480713 55.1452627158 39.8246155035 21.0237960416 14.0356688476             0 36.0555127546  25.079872408 46.2276973253 51.9711458407  52.172789843 43.1393092202 32.0156211872 48.0104155366 54.2309874518  60.415229868 64.0078120232 29.6816441593 38.1182371051 56.8594759033 32.0624390838 21.2132034356  31.304951685 26.0768096208 32.5269119346 42.5205832509 25.0199920064  18.973665961 24.7588368063  42.201895692 49.0102030194 23.0867927612
 18.8679622641 29.0688837075 25.3179778023 42.5793377121  40.162171256 21.8403296678 11.1803398875 7.21110255093 43.0116263352 52.7730992078  30.886890423 36.2215405525 48.3011387029 30.0166620396 52.7730992078 36.7967389859          45.0 36.4005494464 56.7538544947 31.6227766017 43.6004587132 18.6010752377 15.5563491861 24.8394846967 36.0555127546             0 20.2237484162 16.0312195419 36.8917334914 51.4003891036 10.0498756211 24.5967477525 61.0327780787  48.795491595 35.3553390593 36.0138862107  46.270941205 37.5898922584 61.9112267687 65.7875368136 53.7587202229 58.3095189485  22.360679775 53.0848377599 59.2283715798 29.4278779391 36.0555127546  13.152946438 45.1774279923 42.4499705536 28.1602556807
  8.0622577483 19.0262975904 27.2029410175 24.1660919472  20.591260282 9.05538513814 19.8494332413 14.0356688476 26.6270539114  34.205262753 13.8924439894 16.0312195419 33.9705755029  18.973665961 32.5576411922 23.0867927612  25.179356624 19.8494332413 38.9101529167 28.7923600978 32.5576411922          15.0 16.6433169771  22.360679775  25.079872408 20.2237484162             0 23.0217288664          28.0          35.0 22.1359436212 8.24621125124 41.2310562562 34.4383507154 35.3411940941 39.1152144312 26.0768096208 19.8494332413  43.931765273 48.8773976394 36.8917334914 39.0512483795 29.6816441593          33.0 39.0512483795 9.21954445729 16.7630546142 8.60232526704 26.9072480941  28.231188427           8.0
 16.1554944214  18.973665961 9.48683298051 47.0106370942 37.1214223865 29.7321374946 26.3058928759          13.0 35.1710107901 46.6904701197 26.0192236625          37.0  56.639209034 39.8246155035 51.4781507049 27.5136329844 46.8187996429 42.8018691181 61.7737808459 16.6433169771 31.4006369362 10.0498756211 28.7923600978 38.0788655293 46.2276973253 16.0312195419 23.0217288664             0 24.2074368738 42.7200187266 6.32455532034 21.5870331449 57.0788927713 38.4707681233 19.4164878389 20.0997512422 46.3249392876 32.0624390838 54.4058820349 71.8679344353  59.908263203 61.0982814816 38.1182371051  53.600373133 57.1401785086  30.083217913 39.3573373083 21.6333076528 39.3192065027 32.6955654485 29.9666481275
 21.3775583264 9.05538513814 17.0880074906 43.9089968002 25.4558441227 37.0135110466 43.6577599059 30.4138126515 16.1554944214  27.892651362 17.4642491966  31.384709653 57.7754273026  46.389654019 38.8329756779 9.21954445729 39.8246155035 43.6577599059  57.008771255 10.0498756211 7.21110255093 18.3575597507 42.9534631898 50.1597448159 51.9711458407 36.8917334914          28.0 24.2074368738             0          21.0 29.6984848098 20.0997512422 39.8497176903 15.2970585408 15.5241746963 21.5870331449 36.7695526217 18.3847763109 33.0151480384 67.6239602508 57.1401785086 53.0377224247 55.3624421427 43.2781700168 42.4852915725 27.5136329844 36.6742416418 33.7342555869  22.360679775 11.1803398875 29.1204395571
 32.6496554346  23.769728648  37.483329628 38.0131556175 18.2482875909 42.0594816896 54.5618914628 44.2040722106 8.48528137424 9.21954445729 21.2602916255 27.4590604355 53.0377224247 48.3838816136 24.5967477525 15.2315462117 31.2569992162 41.4366987102 47.1274866718 31.0161248385 15.5241746963          34.0 51.6139516023 55.9016994375  52.172789843 51.4003891036          35.0 42.7200187266          21.0             0 46.9574275275 27.5862284483 20.8086520467  6.7082039325 36.2215405525 42.2965719651 26.4764045897 15.2643375225 12.0415945788  57.008771255 49.0306026885  40.718546143 64.6374504448 30.4630924235  25.495097568 28.6356421266 33.3766385366 43.2781700168 10.0498756211 10.1980390272 30.8706980809
          17.0 23.3238075794 15.8113883008 46.2385120868 39.1152144312 27.2029410175 20.8806130178 9.21954445729          39.0          50.0 28.4429253067  37.483329628 54.4058820349 36.7967389859 53.0094331228 31.7647603485 47.0744091838 41.1825205639 60.9261848469  22.825424421 36.7967389859          13.0 24.1867732449 33.6154726279 43.1393092202 10.0498756211 22.1359436212 6.32455532034 29.6984848098 46.9574275275             0 23.0217288664 59.6824932455 43.2666153056 25.7099202644          26.0 47.2652091924 34.9284983931 58.3095189485 70.6611633077 58.5918083012 61.1310068623 32.3882694814 54.4518135602 59.0338885726 30.4138126515 38.8973006776 18.4390889146 42.4499705536 37.2155881319 29.8328677804
  6.0827625303  11.401754251  22.803508502 26.9072480941 16.1245154966 17.0293863659 27.0185121722 17.4642491966 19.1049731745 28.1780056072 6.40312423743 15.6524758425 39.1152144312 26.3058928759 30.0665927567 14.8660687473  25.495097568 24.6981780705  41.400483089 22.4722050542 24.3310501212 11.7046999107 24.5967477525 30.5941170816 32.0156211872 24.5967477525 8.24621125124 21.5870331449 20.0997512422 27.5862284483 23.0217288664             0 36.8781778292 26.4196896272 29.4108823397 33.9705755029 24.7386337537 13.0384048104 37.4432904537 51.8555686499 40.3112887415 39.8120584748 37.5898922584 32.0156211872 36.0138862107 9.21954445729 19.1049731745 15.8113883008  20.591260282 20.1246117975          10.0
 42.9534631898 39.1152144312 54.3323108288 30.5286750449 20.8806130178 44.6542271235  60.415229868 54.1202365109  23.769728648 12.0830459736 31.2569992162 26.6270539114 43.6577599059 46.6904701197 11.6619037897 31.5753068077 23.0217288664 37.0135110466 33.1360830516  49.244289009   35.77708764 47.1699056603 55.7584074378  56.639209034 48.0104155366 61.0327780787 41.2310562562 57.0788927713 39.8497176903 20.8086520467 59.6824932455 36.8781778292             0 27.4590604355 55.3624421427  61.400325732 18.4390889146 25.0199920064 13.9283882772 41.1946598481 36.6742416418          25.0 67.8011799307 16.7630546142           7.0 32.2024843762 30.4138126515 49.6588360717 18.1107702763 28.7923600978          34.0
   30.61045573          20.0 32.2800247831 41.5932686862 21.2132034356 42.3792402008 53.2541078228 41.7252920901           9.0 15.6204993518 20.6155281281 30.0166620396 56.5685424949 49.8196748283 30.2324329157 12.0415945788 35.4400902933          44.0          52.0 25.3179778023 9.05538513814   30.61045573          51.0  56.302753041 54.2309874518  48.795491595 34.4383507154 38.4707681233 15.2970585408  6.7082039325 43.2666153056 26.4196896272 27.4590604355             0 30.0166620396 36.0555127546 31.0161248385 16.1245154966 18.1107702763 62.1691241695 53.4509120596 46.1410879802 64.0078120232 35.8468966579 31.8276609257 29.6141857899 36.0138862107 42.1900462195 13.9283882772 6.40312423743 31.7804971641
 27.3130005675 19.1049731745 10.0498756211 55.9732078766 39.6610640301 44.0113621693          45.0 31.0161248385 31.6227766017 43.4165866922 29.7321374946 43.8406204336 68.5054742338 54.2309874518  53.712196008 24.1660919472 53.1507290637  54.083269132 70.0071424927 7.07106781187          21.0 20.8806130178  46.389654019 55.1089829338  60.415229868 35.3553390593 35.3411940941 19.4164878389 15.5241746963 36.2215405525 25.7099202644 29.4108823397 55.3624421427 30.0166620396             0  6.0827625303 50.8035431835 32.7566787083 48.0936586256 80.6101730553 69.4262198308  67.007462271  57.008771255 57.6888204074 57.7754273026 38.4187454246 48.2700735446 37.8549864615 37.6961536499 26.6833281283 39.4081209905
  31.064449134 24.4131112315 12.0830459736  60.811183182 45.2769256907 47.4130783645  46.389654019 32.7566787083 37.6430604494 49.4772675074          35.0 48.9182992345 72.8010988928  57.706152185 59.4810894319  30.083217913  58.412327466  58.412327466 75.0732975165 12.5299640861 27.0185121722 24.1867732449 48.5077313425 57.5673518585 64.0078120232 36.0138862107 39.1152144312 20.0997512422 21.5870331449 42.2965719651          26.0 33.9705755029  61.400325732 36.0555127546  6.0827625303             0  56.302753041 38.4707681233 54.1479454827 85.6329375883 74.2495791234  72.422372234 58.2151183113 63.2850693292 63.6945837572 43.1393092202 53.0377224247 40.4969134626 43.6577599059 32.7566787083  43.931765273
 30.4138126515 31.9061122671 46.5188133985 12.6491106407  11.313708499 27.3130005675 43.6577599059 40.0124980475  22.825424421 19.0262975904 21.4709105536 10.0498756211 27.1661554144 28.2842712475 7.21110255093 27.5862284483 5.09901951359 18.6010752377 21.0237960416 43.8292140016 36.0555127546 36.4005494464 38.4837628098 38.4187454246 29.6816441593  46.270941205 26.0768096208 46.3249392876 36.7695526217 26.4764045897 47.2652091924 24.7386337537 18.4390889146 31.0161248385 50.8035431835  56.302753041             0 18.3847763109  27.892651362  31.384709653 22.5610283454 16.2788205961 49.9299509313 7.28010988928 13.8924439894          17.0 12.2065556157 33.7342555869 17.0880074906 28.3019433962 18.1107702763
 18.7882942281 14.5602197786 29.8328677804 26.5706605112 7.07106781187   26.83281573 39.5979797464 30.4138126515 7.28010988928 15.2315462117  6.7082039325 14.3178210633 41.2310562562 33.7342555869 21.0237960416 9.21954445729 21.6333076528 28.0713376952 38.8329756779 25.9422435421 18.3847763109 22.2036033112 36.4005494464  40.718546143 38.1182371051 37.5898922584 19.8494332413 32.0624390838 18.3847763109 15.2643375225 34.9284983931 13.0384048104 25.0199920064 16.1245154966 32.7566787083 38.4707681233 18.3847763109             0 24.4131112315 49.4064773081 39.3573373083 34.6554469023 49.4064773081          25.0 25.7099202644 13.6014705087 20.2237484162 28.2842712475 7.61577310586 11.1803398875 15.8113883008
 43.0464865001 35.4400902933 49.4974746831 40.5215991787 24.2074368738 49.6789693935 63.7808748764 54.7083174664 19.3132079158          10.0  31.064449134 32.7566787083  54.918120871 54.2033209315 23.0217288664 26.9258240357 32.9848450049 45.6946386352 46.0434577329 43.0464865001 27.1661554144 45.3100430368 60.1082357086 63.0079360081 56.8594759033 61.9112267687  43.931765273 54.4058820349 33.0151480384 12.0415945788 58.3095189485 37.4432904537 13.9283882772 18.1107702763 48.0936586256 54.1479454827  27.892651362 24.4131112315             0 54.7448627727  49.040799341 38.3275357935 72.9177618965          29.0 20.6155281281 36.1247837364 38.0131556175 52.4976189936 17.0293863659 22.2036033112 38.2883794382
 56.0357029045 61.5223536611 74.6525284234          25.0 42.4381903478 44.0113621693 58.2494635168 61.7413961617 54.2033209315 48.3838816136  50.931326313 36.7695526217          19.0 36.6742416418 32.5729949498 58.6003412959 27.8028775489 29.5465734054 10.6301458127 73.5391052434 67.4166151627 63.0079360081  52.172789843 46.0977222865 32.0624390838 65.7875368136 48.8773976394 71.8679344353 67.6239602508  57.008771255 70.6611633077 51.8555686499 41.1946598481 62.1691241695 80.6101730553 85.6329375883  31.384709653 49.4064773081 54.7448627727             0 12.0830459736 16.4924225025          58.0 26.5706605112 34.2344855372 42.6380112107 32.8024389337 52.9244744896 48.3011387029 59.6824932455  42.201895692
 44.2040722106 50.4479930225 63.0317380373 13.4536240471 32.6955654485 31.9530906173 46.5295604965 49.6588360717 44.9444101085 41.1946598481          40.0 25.8069758011 9.43398113206  25.079872408 26.0192236625 48.3735464898 18.0277563773 17.4642491966           5.0 62.3698645181  57.697486947 51.2249938995 40.4474968323 35.0570962859 21.2132034356 53.7587202229 36.8917334914  59.908263203 57.1401785086 49.0306026885 58.5918083012 40.3112887415 36.6742416418 53.4509120596 69.4262198308 74.2495791234 22.5610283454 39.3573373083  49.040799341 12.0830459736             0 13.0384048104 47.2652091924 20.0997512422 29.8328677804 31.1126983722 21.2132034356 40.8533964316 39.5600808897 50.1597448159 30.4795013083
 44.9444101085 48.0104155366 62.2655603042 16.0312195419 27.5862284483          37.0 53.1507290637 52.9528091795 38.6005181312 31.9530906173 37.4432904537 24.1660919472 21.9317121995 33.2415402772 16.1554944214 43.8406204336 14.3178210633 23.3452350599 8.54400374532          60.0 52.0096144958 51.4781507049 47.2652091924  43.965895874  31.304951685 58.3095189485 39.0512483795 61.0982814816 53.0377224247  40.718546143 61.1310068623 39.8120584748          25.0 46.1410879802  67.007462271  72.422372234 16.2788205961 34.6554469023 38.3275357935 16.4924225025 13.0384048104             0 56.3205113613  10.295630141          18.0 31.0161248385  22.360679775 45.1774279923 32.4499614792 44.2040722106 31.3209195267
 34.1760149813 46.4865571967          47.0 40.8533964316  48.795491595 23.3452350599 12.0415945788 26.0768096208  56.302753041 62.9682459657 43.5660418216 41.2310562562          39.0 23.0867927612 57.1401785086 52.3259018078 46.5295604965 33.2415402772 51.6236379966 52.3450093132 61.0982814816 37.6563407675 13.0384048104 12.3693168769 26.0768096208  22.360679775 29.6816441593 38.1182371051 55.3624421427 64.6374504448 32.3882694814 37.5898922584 67.8011799307 64.0078120232  57.008771255 58.2151183113 49.9299509313 49.4064773081 72.9177618965          58.0 47.2652091924 56.3205113613             0 55.0090901579 63.8122245342 36.7967389859 37.7359245282 21.9317121995 56.0802995712  57.706152185 34.6554469023
 37.6563407675 38.9486841883  53.712196008 14.8660687473 18.0277563773 33.2415402772 49.7292670366 47.0106370942 28.4253408071 21.8403296678 28.6356421266 17.0293863659 26.9258240357 32.4499614792  6.0827625303 34.0587727319 8.54400374532 22.2036033112 17.1172427686 50.7740090991 41.8688428309 43.6806593357 44.2718872424 43.0464865001 32.5269119346 53.0848377599          33.0  53.600373133 43.2781700168 30.4630924235 54.4518135602 32.0156211872 16.7630546142 35.8468966579 57.6888204074 63.2850693292 7.28010988928          25.0          29.0 26.5706605112 20.0997512422  10.295630141 55.0090901579             0  10.295630141 24.0831891576 17.7200451467 40.3112887415 22.2036033112 34.0587727319          25.0
 42.0475920833 40.2616442784  55.542776308 24.8394846967 20.0249843945 41.1460812229 57.3846669416 52.6117857519 26.4196896272 16.2788205961 31.1448230048 23.4093998214 37.1618083521 41.8688428309  6.7082039325 33.6154726279  17.691806013 31.8276609257 26.1725046566 51.2640224719 39.4081209905 47.0956473573 52.3259018078 52.2015325446 42.5205832509 59.2283715798 39.0512483795 57.1401785086 42.4852915725  25.495097568 59.0338885726 36.0138862107           7.0 31.8276609257 57.7754273026 63.6945837572 13.8924439894 25.7099202644 20.6155281281 34.2344855372 29.8328677804          18.0 63.8122245342  10.295630141             0 29.8328677804 26.0768096208 47.1274866718 20.1246117975 31.9061122671 31.3209195267
 13.9283882772 19.7230829233 32.0156211872  17.691806013 12.0415945788 13.6014705087 28.3019433962 23.0217288664 20.8806130178 26.1725046566 10.1980390272 7.07106781187 30.4138126515 20.2237484162 23.3452350599 20.0997512422 16.7630546142 16.1554944214 32.2024843762 31.4006369362 30.1496268634  20.591260282 24.0831891576 27.2946881279 25.0199920064 29.4278779391 9.21954445729  30.083217913 27.5136329844 28.6356421266 30.4138126515 9.21954445729 32.2024843762 29.6141857899 38.4187454246 43.1393092202          17.0 13.6014705087 36.1247837364 42.6380112107 31.1126983722 31.0161248385 36.7967389859 24.0831891576 29.8328677804             0 9.89949493661 17.4642491966 19.4164878389 24.0831891576  2.2360679775
 23.3238075794 29.4108823397 41.8688428309 7.81024967591 15.1327459504 15.5241746963 32.0156211872 30.5941170816 27.0185121722  28.231188427 19.2353840617           6.0 21.1896201004 16.4012194669 19.4164878389 28.4604989415 9.21954445729  8.0622577483 22.4722050542 41.2310562562 38.3275357935 30.2324329157 26.5706605112 26.2488094968  18.973665961 36.0555127546 16.7630546142 39.3573373083 36.6742416418 33.3766385366 38.8973006776 19.1049731745 30.4138126515 36.0138862107 48.2700735446 53.0377224247 12.2065556157 20.2237484162 38.0131556175 32.8024389337 21.2132034356  22.360679775 37.7359245282 17.7200451467 26.0768096208 9.89949493661             0          23.0 23.3452350599 31.4006369362 9.43398113206
 12.3693168769 24.7386337537 28.4604989415 29.4278779391 29.1547594742    8.94427191  11.313708499 9.21954445729 34.8281495345 42.8018691181 22.0227155455  23.769728648 36.0555127546 18.3847763109 40.5215991787 30.4138126515 32.0624390838 23.4093998214 43.6806593357   32.14031736 39.2173431023 17.1172427686 9.21954445729 17.2626765016 24.7588368063  13.152946438 8.60232526704 21.6333076528 33.7342555869 43.2781700168 18.4390889146 15.8113883008 49.6588360717 42.1900462195 37.8549864615 40.4969134626 33.7342555869 28.2842712475 52.4976189936 52.9244744896 40.8533964316 45.1774279923 21.9317121995 40.3112887415 47.1274866718 17.4642491966          23.0             0 35.4682957019 35.8468966579 15.8113883008
 26.4007575649 21.0237960416 36.2215405525 28.0713376952 8.24621125124 33.0151480384 46.7546789102 38.0131556175 6.40312423743 7.61577310586 14.3178210633 17.4642491966 43.1045241245 38.6264158317 16.9705627485 13.6014705087 21.5870331449 31.4006369362 38.0788655293 31.3209195267 19.7989898732 29.6141857899 43.1856457634 46.6476151588  42.201895692 45.1774279923 26.9072480941 39.3192065027  22.360679775 10.0498756211 42.4499705536  20.591260282 18.1107702763 13.9283882772 37.6961536499 43.6577599059 17.0880074906 7.61577310586 17.0293863659 48.3011387029 39.5600808897 32.4499614792 56.0802995712 22.2036033112 20.1246117975 19.4164878389 23.3452350599 35.4682957019             0 12.0415945788 21.6333076528
 24.2074368738 13.8924439894 27.2946881279 37.6430604494 17.4642491966 36.4005494464  46.872166581 35.3553390593 5.65685424949 16.7630546142 14.5602197786  25.495097568 52.3927475897  44.283179651          29.0 5.65685424949 32.2024843762 39.2045915678  49.244289009 21.0237960416 7.81024967591 24.4131112315   44.72135955 50.2891638427 49.0102030194 42.4499705536  28.231188427 32.6955654485 11.1803398875 10.1980390272 37.2155881319 20.1246117975 28.7923600978 6.40312423743 26.6833281283 32.7566787083 28.3019433962 11.1803398875 22.2036033112 59.6824932455 50.1597448159 44.2040722106  57.706152185 34.0587727319 31.9061122671 24.0831891576 31.4006369362 35.8468966579 12.0415945788             0 26.1725046566
 13.8924439894 21.0237960416 32.5576411922 17.2046505341 14.1421356237  11.401754251 26.4196896272 22.0227155455 23.0867927612  28.319604517 12.0415945788  8.0622577483 29.1547594742 18.1107702763 24.7386337537 22.0227155455 17.2626765016 14.7648230602 31.9061122671 32.4499614792 32.0624390838 20.8086520467 22.0227155455 25.0599281723 23.0867927612 28.1602556807           8.0 29.9666481275 29.1204395571 30.8706980809 29.8328677804          10.0          34.0 31.7804971641 39.4081209905  43.931765273 18.1107702763 15.8113883008 38.2883794382  42.201895692 30.4795013083 31.3209195267 34.6554469023          25.0 31.3209195267  2.2360679775 9.43398113206 15.8113883008 21.6333076528 26.1725046566             0
