             0 14.5602197786 23.0217288664 26.4196896272 33.0605505096 16.2788205961 39.5979797464 40.2243707222 37.2155881319  47.539457296 54.2033209315 31.7804971641 42.0594816896 53.1507290637  40.049968789 14.0356688476 24.5967477525 36.4005494464 47.7074417675   44.72135955  23.769728648  9.8488578018 12.5299640861 25.8069758011 42.2965719651   30.61045573 35.1140997322 14.3178210633 30.2654919008 21.3775583264 54.7448627727          31.0  8.0622577483 33.2866339542 43.2781700168 34.1760149813 38.6393581727 50.6063237155 38.8329756779 29.1204395571 11.1803398875 10.6301458127  6.7082039325 26.0192236625 29.1204395571 35.2278299076 28.8617393793 26.0192236625 18.8679622641 34.7131099154 18.3847763109   35.77708764 48.1040538832 48.8466989673 49.4772675074 16.2788205961 43.2897216438 42.0475920833 63.7808748764 45.6946386352 21.2602916255 8.24621125124 8.24621125124 18.3847763109 55.5697759578 61.0327780787 30.4795013083 19.4164878389 33.2866339542 46.1735855225  40.718546143  40.162171256 5.38516480713 18.1107702763 23.4307490277 25.4558441227
 14.5602197786             0 24.2074368738 12.7279220614 19.9248588452 8.54400374532 27.7848879789 26.8700576851 34.4818792991 40.1995024845  43.382023927 25.0199920064 27.5136329844 40.4598566483 26.0768096208 18.0277563773 18.2482875909 40.3608721412 34.0587727319 32.3109888428 15.2643375225 16.4012194669  25.079872408 33.6154726279 42.4852915725 20.6155281281 20.6155281281 10.0498756211          16.0           7.0 50.2493781056 30.4138126515 10.4403065089 19.7989898732   30.61045573 24.0831891576 26.4007575649 41.4849370254 34.5253530033 24.7386337537  25.632011236 24.1867732449 21.1896201004 26.6270539114 14.5602197786 21.9317121995 17.8044938148          13.0   26.83281573 36.6196668472 14.7648230602 21.6333076528 36.3593179254 34.4383507154 51.1077293567 30.0166620396 29.0172362571 34.2344855372 50.9901951359 35.6089876295          20.0 8.48528137424 16.4924225025 29.6984848098 46.1735855225 50.5667875191 18.3575597507 7.28010988928 26.0768096208 34.9857113691 31.1448230048 34.0147027034 9.21954445729 7.21110255093 11.7046999107 14.5602197786
 23.0217288664 24.2074368738             0          26.0  42.201895692 16.2788205961 29.4278779391          34.0 14.8660687473  28.319604517 39.4461658466 15.2315462117  42.201895692 42.7200187266 46.0651712251           9.0 12.0415945788 16.2788205961 41.1096095822 54.6443043693 39.4081209905 32.3882694814 19.7230829233 14.1421356237 19.4164878389 20.0249843945 35.7351367704 32.2024843762 36.3593179254 29.0688837075 32.5729949498  8.0622577483 16.7630546142 29.4278779391 34.3656805549 48.1040538832 49.2036584006 33.4215499341 17.4928556845  10.295630141 29.4108823397 31.5753068077 26.4764045897           3.0 32.6496554346 30.1496268634 41.7252920901 36.1247837364  11.401754251 12.5299640861          10.0 33.7342555869 36.0555127546 46.1735855225 27.3130005675          25.0  47.539457296 24.2074368738 52.5547333739 59.4138031101 41.7851648316 26.5706605112 15.0332963784 40.4474968323 38.2883794382          45.0 24.1867732449 20.8086520467  50.219518118 58.2580466545 55.1724568965 20.5182845287 21.8403296678 31.4006369362 20.6155281281 19.6468827044
 26.4196896272 12.7279220614          26.0             0 18.0277563773 12.0415945788 15.8113883008 14.1421356237   30.61045573 31.4006369362 31.6227766017 18.8679622641          17.0 27.8028775489 20.2484567313 24.0208242989          15.0 41.6773319683  21.400934559 29.6984848098 22.0227155455 29.0688837075 34.7131099154 38.8329756779 40.3112887415 11.7046999107 10.0498756211 21.4709105536  11.401754251 9.21954445729 43.3243580449  29.206163733 19.9248588452 7.07106781187 18.0277563773 26.5706605112          25.0  31.064449134 29.1547594742 21.2132034356 37.5898922584 36.6196668472 33.1209903234 27.2946881279 7.07106781187 9.21954445729 20.6155281281 14.3178210633 33.1360830516 36.6196668472 16.4924225025 9.48683298051 24.1660919472  22.803508502 49.4974746831 40.2616442784 21.5406592285  25.495097568 38.2883794382 36.3593179254 30.3644529014 21.2132034356  25.495097568 42.4264068712 35.3553390593 38.8973006776           7.0 7.28010988928 31.4006369362  34.205262753 33.1058907145 26.9258240357 21.0950231097 15.8113883008 5.38516480713 7.07106781187
 33.0605505096 19.9248588452  42.201895692 18.0277563773             0 26.0768096208 30.4138126515          25.0 48.6004115209 48.3838816136          45.0 36.8917334914 16.5529453572 37.6563407675  8.0622577483 37.5765884561 32.5576411922  58.412327466 28.8617393793 12.5299640861 13.0384048104 29.8328677804   44.72135955 53.2259335287  58.137767415 29.5296461205          14.0 20.3960780544  6.7082039325  13.416407865 60.9261848469 46.6690475583 30.3644529014 20.6155281281          30.0 10.0498756211 7.07106781187 46.6904701197 47.1699056603 39.0512483795 43.1045241245 40.4474968323 39.0128184063 44.0454310911 11.1803398875  22.360679775 7.07106781187 7.07106781187 46.6154480832 53.8144961883 32.2024843762 18.0277563773          37.0 24.1867732449 67.2681202354 49.2544414241 12.2065556157 42.7200187266 46.4865571967 18.3575597507 23.6008474424          25.0 36.4005494464 42.7200187266 50.2493781056  52.038447325 24.1660919472  21.400934559 16.7630546142 16.2788205961 15.5241746963   44.72135955 28.2842712475          15.0 22.6715680975          25.0
 16.2788205961 8.54400374532 16.2788205961 12.0415945788 26.0768096208             0 23.3452350599 24.5967477525 25.9615099715 32.7566787083 38.0131556175 17.1172427686 29.0172362571 37.0135110466 30.6757233004 12.1655250606          10.0 32.5576411922 32.2024843762 38.5875627631 23.7065391823 22.1359436212  22.803508502 27.5136329844          34.0 14.4222051019          22.0 18.1107702763 20.6155281281 12.8062484749 42.0475920833 21.9544984001 8.60232526704 18.0277563773 27.2029410175 31.8904374382 33.0151480384 34.9284983931 26.1725046566 16.2788205961 27.0185121722 26.9072480941 22.6715680975 18.4390889146 17.4642491966 19.6977156036  25.495097568 19.8494332413 21.3775583264 28.4253408071 6.40312423743 21.3775583264 31.8276609257 34.7131099154 42.7200187266 28.4604989415 32.7566787083 26.9258240357 47.6340214553 43.1393092202 28.1602556807 14.3178210633 13.6014705087 34.1320963318 39.8120584748 44.9444101085 14.4222051019 5.09901951359 34.4818792991 42.0119030752 38.9486841883 26.0768096208 11.6619037897 15.6524758425 7.61577310586 9.21954445729
 39.5979797464 27.7848879789 29.4278779391 15.8113883008 30.4138126515 23.3452350599             0 7.07106781187  25.632011236 18.8679622641 15.8113883008 15.0332963784 19.2093727123 13.8924439894 28.6356421266 32.2024843762 18.0277563773 41.4366987102 12.1655250606 39.3954312072  37.483329628 44.1021541424 44.7772263545 43.5660418216 35.8468966579  9.8488578018 16.7630546142 37.1618083521 24.0831891576          25.0 32.2024843762 28.1602556807 31.8904374382          10.0           5.0 40.1995024845 36.4005494464 16.2788205961  22.360679775          20.0 50.3289181286 50.2095608425 46.0108682813 29.0688837075          20.0  8.0622577483          35.0 29.0688837075 39.8497176903 35.5105618091 23.7065391823 12.6491106407 8.60232526704 19.2353840617   44.72135955 50.6063237155 27.4590604355 14.1421356237 24.4131112315 48.0832611207 46.1735855225 36.0555127546 36.0555127546  57.008771255          20.0 23.0867927612 9.43398113206 20.8086520467          46.0 44.9444101085 45.8911756223 18.0277563773 34.7131099154 31.6227766017 16.4012194669 14.1421356237
 40.2243707222 26.8700576851          34.0 14.1421356237          25.0 24.5967477525 7.07106781187             0 32.2024843762 25.8069758011          20.0 20.8806130178 12.2065556157 13.8924439894 22.1359436212 35.1710107901 22.0227155455 47.2969343615 7.61577310586 32.8937684068 33.8378486314 43.1856457634 47.1699056603 48.0416485979 42.4852915725 14.0356688476          11.0 35.2278299076 19.2353840617 22.4722050542 39.2045915678 33.9558536927 33.1209903234 7.07106781187           5.0    35.0142828 30.4138126515 22.4722050542 29.1547594742  25.495097568 51.3127664427 50.6063237155  46.872166581 34.1320963318 15.8113883008           5.0 30.4138126515          25.0 43.5660418216 41.4849370254 26.6833281283 7.07106781187          12.0 12.6491106407 51.4781507049 52.9244744896  20.591260282 21.2132034356 24.2074368738 41.9761837236  43.382023927 35.3553390593 38.0788655293 56.5685424949  25.495097568 27.0739727414 10.4403065089 20.8086520467 41.3037528561 38.6005181312 40.1995024845          25.0          35.0 29.1547594742          17.0 15.8113883008
 37.2155881319 34.4818792991 14.8660687473   30.61045573 48.6004115209 25.9615099715  25.632011236 32.2024843762             0 15.6524758425 29.6141857899 12.0415945788 43.2666153056 36.0555127546 50.2095608425 23.5372045919 16.5529453572 17.2626765016 37.6430604494  60.207972894 49.3963561409          46.0 34.4383507154 24.8394846967  10.295630141 19.8494332413 38.2883794382  43.931765273 42.0119030752 37.1214223865 17.7200451467 7.21110255093          30.0   30.61045573 30.3644529014 56.4358042381 55.6057550978 22.1359436212 4.12310562562  9.8488578018 44.2718872424 46.3249392876 41.2310562562 12.0830459736 37.6430604494 30.2324329157 50.1198563446 43.9089968002 25.2388589282  11.401754251 20.2237484162          35.0 29.0688837075 44.7772263545 19.4164878389 39.4461658466 50.4479930225 14.0356688476  44.283179651 66.8505796534 53.9351462406 39.2045915678 29.6141857899 55.1089829338 26.4007575649 33.6154726279  25.495097568 28.6356421266 60.0083327547 64.8151216924 63.2850693292 9.05538513814    35.0142828 41.4366987102 26.0768096208 23.6008474424
  47.539457296 40.1995024845  28.319604517 31.4006369362 48.3838816136 32.7566787083 18.8679622641 25.8069758011 15.6524758425             0 15.0332963784 15.8113883008 38.0131556175  23.769728648 47.4130783645 35.5105618091 23.0867927612 32.5729949498 28.4253408071  58.137767415 53.1507290637 54.8178802947 47.8016736109 40.2243707222 23.0867927612 20.0249843945 35.3411940941 50.2493781056 41.7612260356 40.1123422403 13.4536240471 22.2036033112 39.5600808897 27.8567765544 21.9317121995 57.7234787586 54.7813836992           7.0 11.6619037897 18.8679622641 56.4358042381  57.697486947 52.7730992078 26.1725046566 37.3630833845 26.4007575649 51.9711458407 45.7055795281 39.5979797464 26.9258240357 29.1547594742  31.304951685 17.4928556845 36.7967389859 30.2654919008 53.2634959423 46.3249392876           6.0 30.0665927567 66.4830805544 60.1331855135 47.0744091838 41.1825205639 65.9241988954 10.7703296143 18.0277563773 24.5153013443 33.0605505096 62.8012738724 63.5609943283 63.8905313799 7.81024967591  43.965895874          46.0          29.0          26.0
 54.2033209315  43.382023927 39.4461658466 31.6227766017          45.0 38.0131556175 15.8113883008          20.0 29.6141857899 15.0332963784             0 24.4131112315 30.8058436015 10.6301458127 41.5932686862  44.687805943 30.4138126515  46.872166581 18.3847763109  52.172789843 53.1507290637 59.5399025864 57.4891294072 52.8015151298 38.0131556175 23.6008474424          31.0 52.9244744896 39.1152144312 40.8044115262 26.4007575649 35.1140997322 46.2276973253  25.495097568          15.0 55.0090901579 50.2493781056  8.0622577483  25.495097568 29.1547594742 64.4437739429 64.8151216924 60.3075451333 38.0131556175 35.3553390593 23.3452350599 50.2493781056 44.5533388199 50.7740090991          41.0 36.7695526217 27.0185121722           8.0   26.83281573 45.2769256907 63.2534584035 39.2937654088 15.8113883008 15.0332963784 61.6603600379 61.9838688692 51.4781507049 49.4974746831 72.1110255093 7.07106781187 7.28010988928  25.079872408  36.235341864 61.2045749924 58.0517010948 60.1331855135 20.6155281281 49.6487663492 47.4341649025 31.7647603485 29.1547594742
 31.7804971641 25.0199920064 15.2315462117 18.8679622641 36.8917334914 17.1172427686 15.0332963784 20.8806130178 12.0415945788 15.8113883008 24.4131112315             0  31.384709653 27.6586333719 38.1837661841 20.5182845287 7.28010988928 26.4764045897 27.1661554144 48.2700735446 39.0512483795 39.0512483795 33.2415402772 29.1204395571 22.2036033112 7.81024967591 26.2488094968          35.0 30.2324329157 26.2488094968 25.3179778023  13.152946438  23.769728648 18.6010752377 20.0249843945 45.1884941108 43.8292140016 19.2093727123  10.295630141 5.09901951359 41.0487515035 42.0594816896 37.2155881319 14.3178210633 25.8069758011 18.3575597507          39.0 32.6955654485 26.4196896272 20.6155281281  13.416407865 23.0217288664 20.8806130178 33.5261092285 31.4006369362 38.9486841883 38.4187454246  10.295630141 37.3363094052 55.2268050859 45.0111097397 31.4006369362 25.8069758011 50.1597448159 24.2074368738 30.4138126515 13.4536240471 18.2482875909 49.3355855342 53.0094331228 51.8844870843           9.0 28.1602556807 31.4006369362 14.8660687473 12.0830459736
 42.0594816896 27.5136329844  42.201895692          17.0 16.5529453572 29.0172362571 19.2093727123 12.2065556157 43.2666153056 38.0131556175 30.8058436015  31.384709653             0          22.0          11.0 41.0121933088 30.3644529014  57.008771255          13.0 21.3775583264 28.4253408071 42.1900462195 51.4781507049 55.5787729264 53.5350352573 23.7065391823 7.07106781187 33.0151480384 13.4536240471 21.0237960416 51.4003891036 43.8634243989 36.4965751818          13.0 16.5529453572 26.2488094968 20.0997512422 34.4383507154 40.6078810085 35.3411940941 53.1413210223 51.4781507049 48.7031826475 43.0116263352          13.0 13.0384048104 23.3238075794 19.7989898732 50.0899191455 51.4781507049 33.2415402772 8.54400374532 23.0867927612 7.81024967591 62.6817357769 56.8858506133 8.54400374532 33.3016516107  30.083217913  31.064449134 38.9486841883 35.3411940941 42.2965719651 55.7584074378          37.0 37.3363094052 18.3847763109 24.0831891576 33.2415402772 27.2946881279 30.1496268634 36.7967389859 36.6878726557 26.6270539114 22.0907220344 22.5610283454
 53.1507290637 40.4598566483 42.7200187266 27.8028775489 37.6563407675 37.0135110466 13.8924439894 13.8924439894 36.0555127546  23.769728648 10.6301458127 27.6586333719          22.0             0          33.0 46.0651712251 31.7804971641 53.0094331228           9.0 43.1856457634  47.539457296 56.8506816142 58.6685605755 56.7538544947 45.5411901469 23.7065391823 24.0416305603 49.0917508345 32.5729949498 36.3593179254 36.3593179254 40.1995024845  45.607017004 20.8086520467 9.89949493661 47.6759897642 42.0475920833 17.4928556845   32.14031736 32.7566787083 64.0312423743 63.7024332345 59.6657355607 41.9761837236 29.5465734054 18.6010752377 43.6806593357 38.6264158317 53.4883164813 47.0106370942 37.5898922584 20.6155281281           7.0 16.7630546142  53.600373133 64.4980619864 30.1496268634 22.2036033112 10.6301458127 53.0377224247 57.2450871254 48.9182992345 49.9299509313 70.0927956355  17.691806013 15.8113883008 22.6715680975  33.941125497 54.3415126768 49.1629942131 52.0864665724 27.1661554144 48.1040538832 43.0464865001 29.7321374946 27.8028775489
  40.049968789 26.0768096208 46.0651712251 20.2484567313  8.0622577483 30.6757233004 28.6356421266 22.1359436212 50.2095608425 47.4130783645 41.5932686862 38.1837661841          11.0          33.0             0 42.7200187266 35.2278299076 61.9112267687          24.0 10.7703296143 21.0950231097 37.6430604494 51.1566222497 58.1893461039  60.207972894 30.4138126515 12.2065556157 28.1602556807 10.1980390272 19.1049731745 60.5392434707 49.4064773081 36.3455636908          20.0 26.9258240357 16.1245154966 9.21954445729  44.598206242 48.1663783152 41.2310562562 50.4876222455 48.0520551069  46.270941205 47.5078940809  13.416407865 21.0950231097          15.0 14.3178210633  51.923019943 56.8594759033 36.2491379208 16.1245154966 33.7342555869 17.7200451467 69.4262198308 56.0089278598 4.24264068712 42.1900462195 40.7921561087 20.0997512422 31.6227766017 32.2490309932 42.4264068712 50.6951674225  47.539457296 48.2597140481 24.7588368063  25.632011236 23.3238075794 16.4924225025 19.2353840617          45.0          35.0  22.360679775 25.5538646784 27.2029410175
 14.0356688476 18.0277563773           9.0 24.0208242989 37.5765884561 12.1655250606 32.2024843762 35.1710107901 23.5372045919 35.5105618091  44.687805943 20.5182845287 41.0121933088 46.0651712251 42.7200187266             0 14.4222051019 23.3238075794 42.7200187266 50.0899191455 32.5269119346 23.5372045919 12.8062484749 15.6524758425 28.2842712475  22.360679775 34.0587727319 24.4131112315 32.5729949498 24.1660919472 41.2310562562 17.0293863659 8.60232526704 29.2745623366 36.7695526217 42.0119030752 44.2944691807 39.6988664826  25.632011236 16.6433169771 21.0237960416  22.803508502 17.7200451467          12.0 29.6141857899 30.5941170816 35.8050275799  30.886890423 9.21954445729 20.8806130178 8.54400374532 33.0605505096 39.9624824054  46.270941205 35.7351367704 18.6010752377 44.9110231458   30.61045573 56.4358042381  53.600373133 33.5410196625 18.3575597507  6.0827625303 31.5753068077  44.687805943 50.9116882454 24.7386337537 17.2626765016 43.1856457634          53.0  49.040799341 27.7848879789  13.416407865 24.8394846967 19.0262975904 19.4164878389
 24.5967477525 18.2482875909 12.0415945788          15.0 32.5576411922          10.0 18.0277563773 22.0227155455 16.5529453572 23.0867927612 30.4138126515 7.28010988928 30.3644529014 31.7804971641 35.2278299076 14.4222051019             0   26.83281573 29.2745623366  44.598206242 32.8937684068 31.7804971641 27.2029410175 26.0192236625 25.6124969497 8.24621125124 24.1660919472 28.0713376952 26.1725046566  20.591260282 32.0624390838 14.2126704036 16.5529453572 17.4642491966  22.803508502 39.9624824054 39.6232255123 26.0768096208 16.2788205961  6.7082039325  34.205262753 34.9857113691 30.2324329157 12.6491106407 22.0227155455 18.1107702763 33.6154726279 27.4590604355 21.8403296678 21.6333076528 6.40312423743 21.8403296678 25.5538646784 34.1320963318 34.7131099154 33.0151480384  36.235341864 17.4642491966 42.0594816896 50.6063237155 38.1182371051 24.1867732449 19.1049731745 42.9534631898  31.064449134 36.8781778292 12.1655250606 12.0830459736 43.4626276242 48.8364617883  46.872166581 16.1245154966 20.8806130178          25.0 9.89949493661  8.0622577483
 36.4005494464 40.3608721412 16.2788205961 41.6773319683  58.412327466 32.5576411922 41.4366987102 47.2969343615 17.2626765016 32.5729949498  46.872166581 26.4764045897  57.008771255 53.0094331228 61.9112267687 23.3238075794   26.83281573             0  53.600373133 70.8025423272 55.4436651025 46.2385120868 28.0713376952  13.152946438  11.313708499 33.5261092285 50.9901951359 47.7074417675 52.4309069157  45.343136195 29.7321374946 13.3416640641 31.9061122671 44.0113621693  46.389654019 64.3506021728 65.4369925959 39.2937654088 21.3775583264 21.8403296678 39.1152144312 42.4264068712 37.6563407675 14.4222051019 48.5489443758 44.2718872424 57.9827560573 52.4022900263 18.2482875909           6.0 26.2488094968 48.4664832642 46.0108682813  59.908263203 14.0356688476 31.1448230048 63.0634601017 31.2569992162 61.5223536611 75.6901578807 56.8242905807 41.6773319683  28.231188427 51.3517283059 43.3243580449 50.5964425627 38.6264158317 37.0135110466 66.2193325246 74.5184540902 71.4212853427 26.3058928759 36.7151195014 47.5078940809 36.3593179254  34.885527085
 47.7074417675 34.0587727319 41.1096095822  21.400934559 28.8617393793 32.2024843762 12.1655250606 7.61577310586 37.6430604494 28.4253408071 18.3847763109 27.1661554144          13.0           9.0          24.0 42.7200187266 29.2745623366  53.600373133             0 34.2344855372 39.3573373083 50.2095608425 54.7813836992 55.2268050859  47.759815745 21.0950231097 15.6524758425 41.8688428309 24.1660919472 29.0688837075 41.7731971484 40.3112887415 40.7062648741 14.4222051019 7.28010988928 38.8329756779 33.0605505096 23.4307490277 34.1760149813 32.0624390838 58.8302643203 58.0086200491 54.3783044973          41.0 21.6333076528 12.5299640861 35.1140997322 30.4138126515 50.9901951359 47.6759897642  34.205262753 12.8062484749  11.401754251 8.60232526704  56.462376854 60.5392434707 21.2132034356 25.0599281723   17.88854382 44.0454310911 49.3963561409 42.5205832509 45.6946386352 63.7024332345 25.0599281723 24.5153013443 18.0277563773 28.3019433962  45.607017004 40.1995024845 43.1045241245 29.5465734054 42.4381903478 35.6089876295 24.5967477525 23.4093998214
   44.72135955 32.3109888428 54.6443043693 29.6984848098 12.5299640861 38.5875627631 39.3954312072 32.8937684068  60.207972894  58.137767415  52.172789843 48.2700735446 21.3775583264 43.1856457634 10.7703296143 50.0899191455  44.598206242 70.8025423272 34.2344855372             0 22.0227155455 40.0124980475 56.7538544947 65.7419196556 70.0071424927 40.6078810085  22.825424421  31.064449134 18.4390889146 25.9422435421 71.1969100453 58.7962583844 42.7200187266 30.5286750449 37.6430604494 12.6491106407  6.0827625303 55.3624421427  58.412327466 50.9116882454  54.083269132          51.0 50.2493781056 56.4003546088  22.627416998 31.7647603485 16.0312195419 19.3132079158 59.0931468108 66.0681466366 44.6542271235   26.83281573 44.3846820423 27.0185121722 79.1959594929          61.0 13.0384048104 52.8393792545 50.1597448159 10.1980390272 31.0483493925 36.4965751818 48.7031826475 51.7880295049 58.2408791142 58.6941223633          35.0 33.8378486314 18.8679622641           6.0  11.401754251 55.4707129934 40.2616442784 26.6833281283 34.7131099154 36.7695526217
  23.769728648 15.2643375225 39.4081209905 22.0227155455 13.0384048104 23.7065391823  37.483329628 33.8378486314 49.3963561409 53.1507290637 53.1507290637 39.0512483795 28.4253408071  47.539457296 21.0950231097 32.5269119346 32.8937684068 55.4436651025 39.3573373083 22.0227155455             0          18.0 36.2491379208 47.6340214553  57.706152185 33.1360830516 23.7065391823 9.48683298051 15.2643375225 13.0384048104 64.3272881443 45.6508488421 24.0831891576 27.6586333719 38.6005181312 10.4403065089 16.1245154966 53.0848377599  49.040799341 39.5600808897 32.2490309932 29.0172362571 28.6356421266 41.8807831827 18.0277563773 29.8328677804 6.32455532034    8.94427191 40.6078810085 51.8652099196 30.0166620396 26.9258240357 45.3541618818  36.235341864 66.3701740242 39.8497176903 25.2388589282 47.1699056603 57.2450871254 21.9317121995 10.6301458127 15.6524758425 29.4108823397  30.083217913 57.3149195236  60.415229868 29.0172362571 20.8806130178 10.8166538264 22.5610283454          17.0  47.853944456 20.2484567313  8.0622577483 24.3310501212 27.2946881279
  9.8488578018 16.4012194669 32.3882694814 29.0688837075 29.8328677804 22.1359436212 44.1021541424 43.1856457634          46.0 54.8178802947 59.5399025864 39.0512483795 42.1900462195 56.8506816142 37.6430604494 23.5372045919 31.7804971641 46.2385120868 50.2095608425 40.0124980475          18.0             0 21.2132034356 35.5105618091 51.7880295049 36.2491379208 35.8050275799 9.48683298051 29.0688837075  21.400934559 63.1981012373 40.1995024845          16.0 36.1247837364 47.0106370942 28.1602556807 34.0587727319  57.008771255 47.1699056603 37.2155881319 14.5602197786 11.0453610172 11.6619037897 35.3553390593 29.4108823397 38.2883794382 24.0831891576 23.4093998214 28.6530975638 44.3846820423 26.1725046566 37.5366487582  52.697248505 49.6487663492 59.2030404625 23.3238075794 41.4366987102  49.040799341 67.3572564762 39.0512483795 12.2065556157  8.0622577483 18.0277563773 13.6014705087 61.8465843843 66.6483308118 34.6698716467 23.3238075794  25.632011236 40.3112887415 33.9558536927  47.853944456 11.0453610172 15.6524758425 27.7848879789 30.4138126515
 12.5299640861  25.079872408 19.7230829233 34.7131099154   44.72135955  22.803508502 44.7772263545 47.1699056603 34.4383507154 47.8016736109 57.4891294072 33.2415402772 51.4781507049 58.6685605755 51.1566222497 12.8062484749 27.2029410175 28.0713376952 54.7813836992 56.7538544947 36.2491379208 21.2132034356             0 15.5241746963 36.4965751818 34.9857113691 44.4072066223   26.83281573 41.0487515035 32.0624390838          52.0 27.3130005675 15.0332963784 40.8044115262  49.193495505 46.6154480832 50.6951674225 52.3450093132 37.2155881319 29.0688837075 11.0453610172 14.5602197786  10.295630141  22.360679775 39.0512483795 42.3792402008 41.1096095822 37.6563407675 10.0498756211 28.2842712475 21.0950231097 44.1474801093  52.697248505 57.4891294072 42.0119030752 5.83095189485 54.0092584656 43.1856457634 69.1158447825 58.1807528312 33.3016516107 20.6155281281 9.21954445729 23.3452350599 57.3149195236 63.6553218514 36.7695526217 27.4590604355 45.7930125674 58.5234995536 53.2259335287          40.0 16.4924225025  30.083217913 30.3644529014  31.384709653
 25.8069758011 33.6154726279 14.1421356237 38.8329756779 53.2259335287 27.5136329844 43.5660418216 48.0416485979 24.8394846967 40.2243707222 52.8015151298 29.1204395571 55.5787729264 56.7538544947 58.1893461039 15.6524758425 26.0192236625  13.152946438 55.2268050859 65.7419196556 47.6340214553 35.5105618091 15.5241746963             0 23.2594066992 34.1320963318 48.8364617883 38.8973006776 48.1040538832 39.8120584748 40.8044115262 18.0277563773 23.6008474424 43.1045241245 48.5077313425 57.4282160614 59.9416382826 46.1410879802 28.6006992922 24.0416305603 26.4764045897  30.083217913  25.632011236 14.8660687473 44.9221548904 44.0113621693 51.3127664427 46.5295604965 7.07106781187 15.2643375225  22.360679775 47.2652091924          50.0 60.0333240792 27.1661554144 18.0277563773  60.166435826 37.1214223865 66.4078308635 69.0651865993 47.0106370942 32.5269119346 18.3847763109 38.8329756779 50.7740090991 57.8013840665 38.0131556175 32.5729949498 58.0517010948 68.6002915446 64.4049687524 32.7566787083 27.5862284483 40.2243707222 33.5410196625 33.1360830516
 42.2965719651 42.4852915725 19.4164878389 40.3112887415  58.137767415          34.0 35.8468966579 42.4852915725  10.295630141 23.0867927612 38.0131556175 22.2036033112 53.5350352573 45.5411901469  60.207972894 28.2842712475 25.6124969497  11.313708499  47.759815745 70.0071424927  57.706152185 51.7880295049 36.4965751818 23.2594066992             0          30.0 48.4148737476 51.2640224719 51.6623654124 46.0434577329 18.4390889146 12.0830459736 36.1386219992 40.8044115262 40.4969134626 65.4599113962  65.192024052 30.0665927567 13.6014705087 19.1049731745 47.2652091924 50.0399840128 45.0111097397 16.4924225025 47.3814309619 40.4969134626  59.076221951 53.0094331228 26.4764045897 8.24621125124 27.7308492477 45.2216762184 38.6393581727 55.0363516233 9.21954445729 40.5215991787  60.605280298 23.3452350599          53.0 76.2167960492 61.0327780787 45.8802789878 34.1320963318 59.0338885726 33.5410196625 40.7921561087 35.6089876295 37.4432904537 68.4762732631 74.4110206891  72.422372234 18.4390889146 41.2310562562 49.6487663492 35.4682957019 33.2415402772
   30.61045573 20.6155281281 20.0249843945 11.7046999107 29.5296461205 14.4222051019  9.8488578018 14.0356688476 19.8494332413 20.0249843945 23.6008474424 7.81024967591 23.7065391823 23.7065391823 30.4138126515  22.360679775 8.24621125124 33.5261092285 21.0950231097 40.6078810085 33.1360830516 36.2491379208 34.9857113691 34.1320963318          30.0             0 18.4390889146 30.5941170816  22.825424421 20.0997512422 31.6227766017 20.2484567313 22.6715680975 10.8166538264 14.5602197786  38.275318418 36.3593179254 20.8806130178 17.8044938148 11.7046999107 41.0121933088 41.2310562562 36.7967389859 20.0997512422 18.3575597507 10.7703296143 32.2800247831 25.9615099715  30.083217913 27.8567765544 13.8924439894 15.2643375225 17.8044938148 26.4764045897 39.2045915678 40.8166632639   30.61045573 14.0356688476 34.1320963318 47.8852795753 40.3112887415  28.231188427 26.4007575649 48.5489443758  25.632011236 30.5286750449 5.65685424949 13.3416640641 42.9534631898 45.4862616622 44.7772263545 15.2315462117 26.0768096208 26.0192236625 9.05538513814  6.0827625303
 35.1140997322 20.6155281281 35.7351367704 10.0498756211          14.0          22.0 16.7630546142          11.0 38.2883794382 35.3411940941          31.0 26.2488094968 7.07106781187 24.0416305603 12.2065556157 34.0587727319 24.1660919472 50.9901951359 15.6524758425  22.825424421 23.7065391823 35.8050275799 44.4072066223 48.8364617883 48.4148737476 18.4390889146             0 26.9072480941 8.54400374532 14.4222051019 48.3735464898 38.0788655293 29.4278779391 7.81024967591          16.0 24.0208242989 19.6468827044 32.9848450049 36.0693775937 29.6816441593 46.2385120868   44.72135955 41.7851648316 36.7695526217 6.40312423743    8.94427191 19.6468827044 14.7648230602 43.1856457634 45.6508488421 26.4764045897 4.12310562562          23.0 13.8924439894 57.6281181369 49.8196748283 12.2065556157 30.0166620396 33.5410196625 31.3209195267 33.8378486314 28.6530975638 35.2278299076 49.4064773081 36.3455636908 38.0525951809 12.8062484749 17.0293863659 30.4138126515  28.231188427 29.2745623366 32.8024389337 29.7321374946 20.5182845287 15.2970585408 16.1554944214
 14.3178210633 10.0498756211 32.2024843762 21.4709105536 20.3960780544 18.1107702763 37.1618083521 35.2278299076  43.931765273 50.2493781056 52.9244744896          35.0 33.0151480384 49.0917508345 28.1602556807 24.4131112315 28.0713376952 47.7074417675 41.8688428309  31.064449134 9.48683298051 9.48683298051   26.83281573 38.8973006776 51.2640224719 30.5941170816 26.9072480941             0 19.7230829233 12.8062484749 60.1331855135 39.2173431023 15.8113883008 28.3019433962 39.4461658466 19.9248588452 25.0199920064 51.4198405287  44.283179651 34.3656805549 23.0217288664 20.0997512422 19.2353840617 34.9284983931 20.5182845287 30.5286750449 15.0332963784 13.9283882772 31.8276609257   44.72135955  23.769728648 29.0688837075 45.6179789118 40.6078810085 59.5063021872 30.3644529014 31.9530906173  44.283179651 59.4053869611  31.384709653 10.0498756211 6.40312423743 20.5182845287  22.825424421 56.0446250768  60.166435826 27.8567765544 17.2626765016 19.2093727123 32.0156211872 26.4007575649          44.0  11.313708499 6.40312423743 21.5870331449 24.5153013443
 30.2654919008          16.0 36.3593179254  11.401754251  6.7082039325 20.6155281281 24.0831891576 19.2353840617 42.0119030752 41.7612260356 39.1152144312 30.2324329157 13.4536240471 32.5729949498 10.1980390272 32.5729949498 26.1725046566 52.4309069157 24.1660919472 18.4390889146 15.2643375225 29.0688837075 41.0487515035 48.1040538832 51.6623654124  22.825424421 8.54400374532 19.7230829233             0           9.0 54.2309874518 40.3608721412 26.1725046566 14.1421356237 24.1867732449 16.1245154966 13.6014705087 40.3112887415 40.4969134626 32.5576411922          41.0 38.8973006776 36.6742416418 38.0131556175   4.472135955 16.0312195419 11.1803398875 6.40312423743 41.7612260356 47.6340214553 26.4196896272 12.1655250606 31.1448230048 21.2132034356  60.827625303 46.0108682813 13.0384048104 36.0555127546 42.0475920833 25.0599281723 25.6124969497  22.803508502 32.2490309932 42.5440947724 44.0454310911  46.270941205 17.4642491966 15.6524758425 22.0907220344  22.803508502 22.1359436212 38.0131556175  25.079872408  13.416407865 16.2788205961 18.4390889146
 21.3775583264           7.0 29.0688837075 9.21954445729  13.416407865 12.8062484749          25.0 22.4722050542 37.1214223865 40.1123422403 40.8044115262 26.2488094968 21.0237960416 36.3593179254 19.1049731745 24.1660919472  20.591260282  45.343136195 29.0688837075 25.9422435421 13.0384048104  21.400934559 32.0624390838 39.8120584748 46.0434577329 20.0997512422 14.4222051019 12.8062484749           9.0             0 51.4198405287  34.205262753 17.2626765016 15.6524758425   26.83281573 19.4164878389 20.2484567313 40.1995024845 36.4005494464 27.2946881279 32.2800247831 30.4630924235  27.892651362 31.1126983722  8.0622577483   17.88854382 13.0384048104 7.07106781187 33.2415402772 41.0365690574 19.1049731745 16.2788205961 33.2415402772 28.3019433962          55.0 37.0135110466 22.0227155455 34.1320963318 46.6154480832 30.4138126515 21.1896201004 14.3178210633 23.3452350599          35.0 44.5533388199 48.0832611207 16.1245154966 8.60232526704 23.0867927612  29.206163733 26.4007575649 34.9284983931 16.1245154966  6.7082039325  11.401754251 14.3178210633
 54.7448627727 50.2493781056 32.5729949498 43.3243580449 60.9261848469 42.0475920833 32.2024843762 39.2045915678 17.7200451467 13.4536240471 26.4007575649 25.3179778023 51.4003891036 36.3593179254 60.5392434707 41.2310562562 32.0624390838 29.7321374946 41.7731971484 71.1969100453 64.3272881443 63.1981012373          52.0 40.8044115262 18.4390889146 31.6227766017 48.3735464898 60.1331855135 54.2309874518 51.4198405287             0 24.6981780705 47.2652091924 40.7062648741 35.3836120259   69.89277502 67.5425791631 18.8679622641 16.0312195419 26.0192236625 61.9838688692 64.0312423743 58.9406481132 29.7321374946 49.7694685525 39.4461658466 63.8905313799 57.5673518585 42.4852915725 25.6124969497 37.0540146273  44.418464629   30.61045573 50.2095608425 21.8403296678 56.7978872847  59.640590205 18.3575597507 40.8044115262 79.2022726947 70.1783442381 56.0089278598 47.2969343615 72.7804918917 19.9248588452 26.3058928759 36.7695526217 43.5660418216 74.4647567645   76.47875522 76.3216876124 16.4924225025 52.1536192416 56.7186036499 40.0249921924 37.1079506306
          31.0 30.4138126515  8.0622577483  29.206163733 46.6690475583 21.9544984001 28.1602556807 33.9558536927 7.21110255093 22.2036033112 35.1140997322  13.152946438 43.8634243989 40.1995024845 49.4064773081 17.0293863659 14.2126704036 13.3416640641 40.3112887415 58.7962583844 45.6508488421 40.1995024845 27.3130005675 18.0277563773 12.0830459736 20.2484567313 38.0788655293 39.2173431023 40.3608721412  34.205262753 24.6981780705             0 24.3310501212 30.8706980809 33.1360830516  53.600373133 53.7401153702 28.1780056072 10.6301458127 8.54400374532 37.3630833845 39.6232255123 34.5253530033 5.09901951359  36.235341864 31.0161248385 47.2016948848 41.2310562562 18.0277563773 7.61577310586 15.6524758425 35.3411940941 33.2415402772 46.5725240888 20.8086520467 32.2490309932 50.2493781056 19.3132079158  49.244289009 64.5368112011  49.040799341 33.9558536927 23.0867927612 48.5077313425 32.7566787083 39.8246155035  25.495097568 25.6124969497 56.4358042381 62.9364759102  60.605280298 14.7648230602 29.4278779391 37.5898922584 24.0831891576 22.2036033112
  8.0622577483 10.4403065089 16.7630546142 19.9248588452 30.3644529014 8.60232526704 31.8904374382 33.1209903234          30.0 39.5600808897 46.2276973253  23.769728648 36.4965751818  45.607017004 36.3455636908 8.60232526704 16.5529453572 31.9061122671 40.7062648741 42.7200187266 24.0831891576          16.0 15.0332963784 23.6008474424 36.1386219992 22.6715680975 29.4278779391 15.8113883008 26.1725046566 17.2626765016 47.2652091924 24.3310501212             0 26.4007575649 35.8050275799 33.8378486314 36.7695526217 42.5440947724 31.2569992162 21.3775583264 18.4390889146 18.6010752377 14.1421356237 19.6468827044 24.0208242989 28.1780056072 27.7848879789 23.4093998214 16.6433169771 29.1547594742 10.4403065089 29.4108823397 40.3112887415 42.7200187266 44.0113621693 20.3960780544 39.0512483795 34.0147027034 56.2227711875 45.4862616622  25.079872408  9.8488578018  6.0827625303 26.4007575649 47.5078940809 53.0094331228 23.0217288664 12.6491106407 34.6554469023 45.1774279923 40.8044115262 32.2800247831 5.09901951359 16.6433169771 16.1245154966 17.8044938148
 33.2866339542 19.7989898732 29.4278779391 7.07106781187 20.6155281281 18.0277563773          10.0 7.07106781187   30.61045573 27.8567765544  25.495097568 18.6010752377          13.0 20.8086520467          20.0 29.2745623366 17.4642491966 44.0113621693 14.4222051019 30.5286750449 27.6586333719 36.1247837364 40.8044115262 43.1045241245 40.8044115262 10.8166538264 7.81024967591 28.3019433962 14.1421356237 15.6524758425 40.7062648741 30.8706980809 26.4007575649             0 11.1803398875 30.2654919008 26.9258240357 26.1725046566 28.2842712475  22.360679775  44.418464629 43.6004587132 39.9624824054  30.083217913          10.0  2.2360679775          25.0 19.1049731745 38.0525951809 38.4837628098 21.0237960416   4.472135955 17.7200451467 17.0293863659          50.0 46.4865571967 19.8494332413  22.360679775 31.2409987036 38.6264158317 36.7695526217 28.2842712475 31.6227766017 49.4974746831          30.0 32.7566787083 5.38516480713 13.8924439894          36.0   35.77708764 36.1386219992          25.0 28.0178514522  22.360679775 10.4403065089          10.0
 43.2781700168   30.61045573 34.3656805549 18.0277563773          30.0 27.2029410175           5.0           5.0 30.3644529014 21.9317121995          15.0 20.0249843945 16.5529453572 9.89949493661 26.9258240357 36.7695526217  22.803508502  46.389654019 7.28010988928 37.6430604494 38.6005181312 47.0106370942  49.193495505 48.5077313425 40.4969134626 14.5602197786          16.0 39.4461658466 24.1867732449   26.83281573 35.3836120259 33.1360830516 35.8050275799 11.1803398875             0 40.0124980475 35.3553390593   17.88854382 26.9258240357          25.0 54.2033209315 53.8144961883 49.8196748283 34.0587727319 20.6155281281    8.94427191 35.3553390593 29.8328677804 44.6430285711 40.4474968323  28.231188427 12.0415945788           7.0          15.0  49.244289009 55.0090901579  25.079872408 18.0277563773 20.5182845287  46.872166581 47.9270278653 39.0512483795 40.3112887415  60.207972894 20.6155281281 22.0907220344 12.8062484749 24.0416305603  46.270941205 43.4165866922 45.1774279923  22.360679775 38.2099463491 33.5410196625 19.8494332413 18.0277563773
 34.1760149813 24.0831891576 48.1040538832 26.5706605112 10.0498756211 31.8904374382 40.1995024845    35.0142828 56.4358042381 57.7234787586 55.0090901579 45.1884941108 26.2488094968 47.6759897642 16.1245154966 42.0119030752 39.9624824054 64.3506021728 38.8329756779 12.6491106407 10.4403065089 28.1602556807 46.6154480832 57.4282160614 65.4599113962  38.275318418 24.0208242989 19.9248588452 16.1245154966 19.4164878389   69.89277502  53.600373133 33.8378486314 30.2654919008 40.0124980475             0 7.81024967591 56.4358042381 55.4616984954 46.6476151588 42.5793377121 39.2045915678 39.0512483795 50.3289181286 20.3960780544   32.14031736 6.40312423743 12.5299640861 50.4777178565 60.3075451333 38.2883794382          28.0 47.0106370942 33.6154726279  74.404300951 50.2891638427 20.2484567313  51.923019943 56.3205113613 11.6619037897 18.4390889146          26.0 39.4461658466 39.3192065027 60.1331855135 62.0725382114 33.2415402772 28.0178514522 7.21110255093 12.1655250606 7.07106781187 53.4883164813 30.4138126515 17.2046505341 30.4138126515 33.1058907145
 38.6393581727 26.4007575649 49.2036584006          25.0 7.07106781187 33.0151480384 36.4005494464 30.4138126515 55.6057550978 54.7813836992 50.2493781056 43.8292140016 20.0997512422 42.0475920833 9.21954445729 44.2944691807 39.6232255123 65.4369925959 33.0605505096  6.0827625303 16.1245154966 34.0587727319 50.6951674225 59.9416382826  65.192024052 36.3593179254 19.6468827044 25.0199920064 13.6014705087 20.2484567313 67.5425791631 53.7401153702 36.7695526217 26.9258240357 35.3553390593 7.81024967591             0 52.6307894678  54.083269132 46.0977222865 48.0416485979 45.0111097397 44.1814440687 51.0881590978 18.0277563773 28.4604989415          10.0  13.416407865 53.2259335287 60.8769250209 39.2045915678  23.769728648 42.2965719651 26.9258240357 74.3303437366  54.918120871          13.0  49.244289009 50.0099990002 11.7046999107  25.632011236 30.4138126515 42.7200187266 46.0977222865 55.9016994375 57.0788927713  30.886890423 28.4253408071 14.8660687473 9.21954445729 10.0498756211 51.4781507049  34.205262753 20.6155281281 29.7321374946 32.0156211872
