      0 1449.0 1514.0 1735.0 1721.0 1884.0 1939.0 1835.0 2203.0 2203.0 2414.0 2160.0 1919.0 1842.0 2011.0 1587.0 2362.0 2461.0 2364.0 2233.0 2368.0 2685.0 2836.0 2847.0 3014.0 2397.0 2629.0 2669.0 2727.0 2082.0 2256.0 2232.0 2398.0 2439.0 2565.0 2696.0 2712.0 2832.0 2941.0 2854.0 2847.0 2772.0 2681.0 2740.0 2793.0 2870.0 2824.0 2871.0 2874.0 3009.0 2209.0 2367.0 2483.0 2331.0 2366.0 2515.0 2471.0 2468.0 2509.0 2543.0 2567.0 2641.0 2628.0 2575.0 2676.0 2771.0 3035.0 2999.0 2071.0 2122.0 2289.0 2399.0 2369.0 2952.0 3413.0 4806.0 4630.0 4298.0 4470.0 4279.0 4172.0 4309.0 3737.0 3327.0 3259.0 3557.0 3516.0 3493.0 3745.0 3910.0 3869.0 3351.0 3330.0 3470.0 3145.0 3236.0 3274.0 3388.0 3029.0 3181.0 3298.0 3425.0 2887.0 2953.0 2952.0 2948.0 2984.0 2972.0 2986.0 2988.0 3004.0 3132.0 3226.0 3304.0 3325.0 3354.0 3415.0 2902.0 3043.0 3029.0 3124.0 3197.0 2998.0 3048.0 3263.0 3211.0 2775.0 2817.0 2885.0 2907.0 2975.0 3188.0 3315.0 3414.0 3564.0 3492.0 2878.0 3002.0 3142.0 3247.0 3358.0 2975.0 3165.0 3158.0 3255.0 3006.0 3268.0 3430.0 3528.0 3641.0 3684.0 3588.0 3566.0 3401.0 3560.0 3521.0 3809.0 3742.0 3657.0 3822.0 3930.0 4083.0 3641.0 3773.0 3840.0 4031.0 3367.0 3447.0 3718.0 3592.0 3622.0 3928.0 3767.0 3959.0 3703.0 3851.0 3937.0 4112.0 4409.0 4163.0 4278.0 4334.0 4539.0 3417.0 3411.0 3529.0 3578.0 3732.0 3888.0 3722.0 4002.0 3883.0 4143.0 4269.0 4501.0 4481.0 3927.0 4153.0 4113.0 4289.0 4498.0 5205.0
 1449.0      0  279.0  314.0  349.0  472.0  507.0  393.0  755.0  762.0 1009.0  773.0  504.0  498.0  723.0  522.0  917.0 1022.0  993.0  984.0 1038.0 1321.0 1477.0 1488.0 1626.0 1166.0 1343.0 1391.0 1421.0 1141.0 1203.0 1129.0 1251.0 1409.0 1455.0 1573.0 1494.0 1654.0 1742.0 1714.0 1759.0 1713.0 1637.0 1702.0 1748.0 1816.0 1809.0 1866.0 1853.0 2011.0 1357.0 1452.0 1523.0 1495.0 1507.0 1586.0 1635.0 1704.0 1728.0 1734.0 1778.0 1898.0 1968.0 1946.0 2027.0 2118.0 2451.0 2599.0 1469.0 1554.0 1643.0 1783.0 1818.0 2953.0 3963.0 5074.0 4027.0 3679.0 3680.0 3387.0 3257.0 3366.0 3043.0 2616.0 2492.0 2743.0 2608.0 2496.0 2819.0 2992.0 2892.0 2410.0 2358.0 2481.0 2107.0 2200.0 2266.0 2346.0 1963.0 2105.0 2190.0 2315.0 1797.0 1846.0 1855.0 1864.0 1896.0 1896.0 1906.0 1911.0 1923.0 2018.0 2083.0 2170.0 2182.0 2190.0 2251.0 1737.0 1893.0 1852.0 1949.0 1999.0 1810.0 1842.0 2043.0 1966.0 1503.0 1552.0 1629.0 1671.0 1725.0 1916.0 2052.0 2160.0 2299.0 2199.0 1557.0 1686.0 1818.0 1920.0 2033.0 1630.0 1815.0 1792.0 1891.0 1568.0 1864.0 2012.0 2119.0 2228.0 2264.0 2147.0 2121.0 1958.0 2112.0 2432.0 2721.0 2618.0 2517.0 2647.0 2763.0 2934.0 2459.0 2556.0 2613.0 2830.0 2163.0 2247.0 2491.0 2354.0 2352.0 2663.0 2476.0 2664.0 2379.0 2529.0 2604.0 2799.0 3105.0 2831.0 2944.0 2979.0 3182.0 2100.0 2076.0 2202.0 2202.0 2363.0 2537.0 2332.0 2605.0 2475.0 2757.0 2878.0 3129.0 3098.0 2501.0 2741.0 2678.0 2855.0 3053.0 3769.0
 1514.0  279.0      0  480.0  555.0  615.0  613.0  494.0  763.0  725.0  902.0  647.0  424.0  329.0  519.0  244.0  892.0  971.0  852.0  770.0  868.0 1177.0 1330.0 1341.0 1502.0  949.0 1153.0 1198.0 1242.0  867.0  943.0  876.0 1011.0 1150.0 1211.0 1334.0 1280.0 1431.0 1526.0 1482.0 1516.0 1464.0 1384.0 1449.0 1497.0 1568.0 1554.0 1610.0 1600.0 1756.0 1080.0 1181.0 1257.0 1219.0 1232.0 1317.0 1360.0 1427.0 1451.0 1459.0 1503.0 1621.0 1690.0 1667.0 1749.0 1840.0 2173.0 2323.0 1194.0 1279.0 1364.0 1505.0 1542.0 2696.0 3752.0 4824.0 3752.0 3404.0 3414.0 3130.0 3001.0 3114.0 2769.0 2341.0 2219.0 2475.0 2348.0 2246.0 2562.0 2736.0 2642.0 2152.0 2104.0 2230.0 1859.0 1954.0 2015.0 2102.0 1719.0 1865.0 1957.0 2083.0 1555.0 1608.0 1615.0 1622.0 1655.0 1653.0 1664.0 1668.0 1681.0 1784.0 1857.0 1942.0 1956.0 1970.0 2032.0 1511.0 1666.0 1631.0 1729.0 1786.0 1592.0 1630.0 1838.0 1768.0 1310.0 1357.0 1431.0 1466.0 1526.0 1727.0 1862.0 1967.0 2111.0 2022.0 1388.0 1515.0 1653.0 1757.0 1870.0 1475.0 1664.0 1651.0 1750.0 1507.0 1755.0 1917.0 2015.0 2128.0 2172.0 2089.0 2075.0 1907.0 2090.0 2197.0 2489.0 2392.0 2294.0 2434.0 2548.0 2716.0 2246.0 2354.0 2415.0 2625.0 1954.0 2037.0 2292.0 2157.0 2167.0 2478.0 2300.0 2491.0 2217.0 2367.0 2448.0 2634.0 2937.0 2675.0 2790.0 2836.0 3041.0 1933.0 1918.0 2041.0 2070.0 2227.0 2391.0 2211.0 2490.0 2369.0 2633.0 2758.0 2997.0 2973.0 2415.0 2640.0 2605.0 2780.0 3002.0 3697.0
 1735.0  314.0  480.0      0   99.0  158.0  205.0  121.0  496.0  542.0  832.0  645.0  391.0  488.0  702.0  697.0  671.0  791.0  857.0  946.0  934.0 1168.0 1320.0 1330.0 1440.0 1117.0 1245.0 1295.0 1305.0 1233.0 1242.0 1154.0 1240.0 1436.0 1444.0 1548.0 1427.0 1598.0 1670.0 1672.0 1737.0 1706.0 1641.0 1704.0 1745.0 1806.0 1814.0 1872.0 1853.0 2011.0 1455.0 1520.0 1568.0 1585.0 1589.0 1637.0 1714.0 1801.0 1818.0 1815.0 1863.0 1988.0 2078.0 2064.0 2137.0 2222.0 2558.0 2743.0 1628.0 1714.0 1776.0 1915.0 1964.0 3162.0 4231.0 5294.0 4090.0 3744.0 3698.0 3381.0 3246.0 3344.0 3102.0 2683.0 2548.0 2776.0 2617.0 2479.0 2816.0 2987.0 2869.0 2414.0 2354.0 2466.0 2088.0 2179.0 2252.0 2317.0 1940.0 2072.0 2141.0 2260.0 1772.0 1812.0 1824.0 1839.0 1868.0 1872.0 1881.0 1887.0 1896.0 1972.0 2023.0 2110.0 2118.0 2116.0 2176.0 1682.0 1837.0 1785.0 1879.0 1917.0 1741.0 1762.0 1949.0 1861.0 1404.0 1455.0 1533.0 1584.0 1628.0 1798.0 1934.0 2044.0 2174.0 2061.0 1424.0 1551.0 1674.0 1769.0 1880.0 1478.0 1653.0 1617.0 1715.0 1325.0 1658.0 1789.0 1903.0 2008.0 2036.0 1893.0 1860.0 1701.0 1835.0 2382.0 2663.0 2548.0 2443.0 2556.0 2672.0 2847.0 2369.0 2448.0 2500.0 2723.0 2072.0 2155.0 2380.0 2241.0 2223.0 2530.0 2333.0 2516.0 2220.0 2368.0 2435.0 2639.0 2944.0 2659.0 2769.0 2791.0 2992.0 1950.0 1916.0 2045.0 2012.0 2175.0 2359.0 2129.0 2394.0 2257.0 2553.0 2668.0 2930.0 2892.0 2264.0 2516.0 2431.0 2607.0 2788.0 3515.0
 1721.0  349.0  555.0   99.0      0  170.0  246.0  203.0  553.0  615.0  911.0  736.0  488.0  586.0  800.0  782.0  730.0  854.0  944.0 1043.0 1026.0 1250.0 1400.0 1410.0 1512.0 1213.0 1336.0 1386.0 1393.0 1330.0 1341.0 1253.0 1338.0 1535.0 1542.0 1645.0 1520.0 1692.0 1763.0 1768.0 1834.0 1804.0 1739.0 1802.0 1843.0 1903.0 1912.0 1970.0 1951.0 2109.0 1552.0 1618.0 1667.0 1683.0 1687.0 1736.0 1812.0 1898.0 1915.0 1913.0 1961.0 2086.0 2175.0 2160.0 2233.0 2319.0 2655.0 2838.0 1720.0 1806.0 1871.0 2010.0 2058.0 3247.0 4299.0 5377.0 4188.0 3842.0 3796.0 3478.0 3343.0 3440.0 3201.0 2781.0 2646.0 2875.0 2715.0 2575.0 2913.0 3084.0 2965.0 2512.0 2452.0 2563.0 2185.0 2275.0 2349.0 2413.0 2037.0 2168.0 2235.0 2354.0 1869.0 1908.0 1921.0 1935.0 1964.0 1969.0 1977.0 1983.0 1992.0 2067.0 2116.0 2204.0 2210.0 2207.0 2267.0 1776.0 1931.0 1878.0 1971.0 2008.0 1833.0 1854.0 2038.0 1949.0 1494.0 1545.0 1623.0 1675.0 1717.0 1885.0 2020.0 2130.0 2257.0 2142.0 1508.0 1634.0 1755.0 1849.0 1959.0 1558.0 1730.0 1692.0 1789.0 1378.0 1723.0 1848.0 1964.0 2067.0 2092.0 1938.0 1902.0 1746.0 1868.0 2475.0 2756.0 2640.0 2534.0 2645.0 2761.0 2936.0 2458.0 2534.0 2585.0 2809.0 2161.0 2244.0 2466.0 2327.0 2306.0 2612.0 2413.0 2595.0 2297.0 2444.0 2509.0 2715.0 3020.0 2732.0 2841.0 2860.0 3060.0 2029.0 1993.0 2122.0 2081.0 2245.0 2430.0 2194.0 2455.0 2316.0 2616.0 2730.0 2994.0 2955.0 2316.0 2573.0 2478.0 2654.0 2826.0 3558.0
 1884.0  472.0  615.0  158.0  170.0      0   86.0  134.0  392.0  469.0  772.0  627.0  415.0  550.0  738.0  814.0  569.0  696.0  821.0  960.0  914.0 1112.0 1259.0 1268.0 1360.0 1121.0 1219.0 1269.0 1268.0 1301.0 1285.0 1193.0 1260.0 1470.0 1460.0 1554.0 1413.0 1587.0 1651.0 1668.0 1742.0 1719.0 1661.0 1722.0 1760.0 1816.0 1831.0 1889.0 1868.0 2025.0 1522.0 1572.0 1609.0 1647.0 1647.0 1680.0 1769.0 1863.0 1876.0 1870.0 1918.0 2045.0 2144.0 2134.0 2202.0 2284.0 2620.0 2822.0 1721.0 1806.0 1856.0 1993.0 2048.0 3270.0 4365.0 5404.0 4124.0 3780.0 3712.0 3384.0 3247.0 3339.0 3138.0 2725.0 2585.0 2801.0 2630.0 2480.0 2822.0 2991.0 2865.0 2426.0 2363.0 2469.0 2091.0 2180.0 2256.0 2313.0 1942.0 2068.0 2128.0 2243.0 1776.0 1810.0 1824.0 1841.0 1868.0 1875.0 1882.0 1889.0 1897.0 1963.0 2005.0 2092.0 2097.0 2090.0 2149.0 1671.0 1824.0 1767.0 1858.0 1889.0 1721.0 1737.0 1914.0 1821.0 1373.0 1425.0 1502.0 1557.0 1595.0 1753.0 1887.0 1997.0 2120.0 2002.0 1374.0 1498.0 1614.0 1705.0 1814.0 1416.0 1584.0 1542.0 1638.0 1211.0 1563.0 1684.0 1801.0 1903.0 1926.0 1769.0 1732.0 1577.0 1699.0 2366.0 2642.0 2522.0 2415.0 2518.0 2634.0 2810.0 2333.0 2402.0 2450.0 2676.0 2037.0 2119.0 2333.0 2194.0 2168.0 2470.0 2269.0 2448.0 2148.0 2295.0 2357.0 2565.0 2868.0 2578.0 2687.0 2702.0 2900.0 1885.0 1846.0 1975.0 1925.0 2088.0 2275.0 2033.0 2292.0 2152.0 2455.0 2567.0 2833.0 2792.0 2149.0 2407.0 2309.0 2485.0 2656.0 3388.0
 1939.0  507.0  613.0  205.0  246.0   86.0      0  122.0  309.0  383.0  686.0  548.0  355.0  502.0  675.0  793.0  486.0  612.0  737.0  888.0  833.0 1026.0 1173.0 1182.0 1275.0 1044.0 1136.0 1186.0 1183.0 1247.0 1221.0 1127.0 1188.0 1402.0 1386.0 1477.0 1332.0 1507.0 1569.0 1589.0 1665.0 1644.0 1587.0 1648.0 1685.0 1740.0 1757.0 1815.0 1794.0 1950.0 1467.0 1510.0 1542.0 1589.0 1587.0 1615.0 1708.0 1805.0 1817.0 1808.0 1857.0 1985.0 2086.0 2079.0 2144.0 2225.0 2560.0 2770.0 1678.0 1763.0 1806.0 1941.0 1999.0 3234.0 4351.0 5369.0 4053.0 3710.0 3635.0 3305.0 3167.0 3259.0 3069.0 2657.0 2516.0 2728.0 2554.0 2401.0 2744.0 2913.0 2785.0 2350.0 2286.0 2390.0 2013.0 2101.0 2178.0 2234.0 1864.0 1988.0 2046.0 2161.0 1698.0 1731.0 1746.0 1763.0 1790.0 1797.0 1804.0 1810.0 1818.0 1882.0 1923.0 2010.0 2015.0 2007.0 2066.0 1590.0 1742.0 1685.0 1775.0 1805.0 1639.0 1654.0 1829.0 1737.0 1290.0 1341.0 1418.0 1474.0 1511.0 1668.0 1802.0 1911.0 2035.0 1916.0 1289.0 1413.0 1528.0 1619.0 1728.0 1330.0 1498.0 1457.0 1553.0 1133.0 1480.0 1603.0 1720.0 1822.0 1847.0 1695.0 1660.0 1503.0 1632.0 2284.0 2559.0 2438.0 2332.0 2433.0 2549.0 2725.0 2248.0 2317.0 2365.0 2590.0 1953.0 2035.0 2248.0 2108.0 2082.0 2385.0 2183.0 2363.0 2063.0 2209.0 2272.0 2479.0 2783.0 2494.0 2602.0 2618.0 2817.0 1799.0 1760.0 1889.0 1841.0 2004.0 2191.0 1950.0 2211.0 2071.0 2372.0 2485.0 2751.0 2710.0 2072.0 2328.0 2234.0 2410.0 2587.0 3316.0
 1835.0  393.0  494.0  121.0  203.0  134.0  122.0      0  379.0  422.0  712.0  534.0  296.0  420.0  617.0  683.0  553.0  671.0  741.0  850.0  824.0 1049.0 1201.0 1210.0 1319.0 1016.0 1134.0 1183.0 1191.0 1171.0 1163.0 1072.0 1148.0 1352.0 1350.0 1449.0 1319.0 1492.0 1561.0 1569.0 1638.0 1611.0 1549.0 1611.0 1651.0 1709.0 1721.0 1779.0 1759.0 1917.0 1393.0 1447.0 1488.0 1519.0 1520.0 1559.0 1644.0 1736.0 1750.0 1744.0 1793.0 1919.0 2015.0 2005.0 2073.0 2156.0 2492.0 2691.0 1587.0 1673.0 1724.0 1862.0 1916.0 3136.0 4238.0 5271.0 4007.0 3662.0 3604.0 3282.0 3146.0 3242.0 3020.0 2604.0 2466.0 2688.0 2523.0 2378.0 2718.0 2888.0 2767.0 2319.0 2257.0 2367.0 1988.0 2079.0 2153.0 2215.0 1840.0 1969.0 2035.0 2153.0 1672.0 1710.0 1723.0 1739.0 1767.0 1772.0 1780.0 1786.0 1795.0 1868.0 1915.0 2002.0 2009.0 2005.0 2065.0 1576.0 1730.0 1677.0 1770.0 1806.0 1632.0 1652.0 1835.0 1746.0 1291.0 1342.0 1420.0 1473.0 1515.0 1682.0 1818.0 1927.0 2056.0 1942.0 1307.0 1433.0 1555.0 1649.0 1760.0 1358.0 1533.0 1497.0 1594.0 1208.0 1537.0 1669.0 1783.0 1888.0 1917.0 1779.0 1748.0 1587.0 1728.0 2275.0 2554.0 2437.0 2332.0 2442.0 2558.0 2733.0 2255.0 2332.0 2383.0 2607.0 1958.0 2041.0 2264.0 2125.0 2105.0 2411.0 2213.0 2396.0 2100.0 2248.0 2314.0 2519.0 2824.0 2539.0 2649.0 2671.0 2872.0 1830.0 1796.0 1925.0 1891.0 2054.0 2238.0 2008.0 2274.0 2138.0 2433.0 2548.0 2809.0 2772.0 2147.0 2398.0 2315.0 2492.0 2677.0 3402.0
 2203.0  755.0  763.0  496.0  553.0  392.0  309.0  379.0      0  125.0  408.0  368.0  358.0  515.0  585.0  868.0  178.0  304.0  493.0  722.0  607.0  741.0  881.0  889.0  970.0  846.0  886.0  934.0  917.0 1165.0 1088.0  991.0 1011.0 1243.0 1193.0 1266.0 1094.0 1270.0 1318.0 1360.0 1449.0 1441.0 1396.0 1452.0 1483.0 1529.0 1559.0 1616.0 1590.0 1741.0 1371.0 1382.0 1390.0 1478.0 1468.0 1465.0 1579.0 1688.0 1692.0 1676.0 1726.0 1854.0 1970.0 1972.0 2026.0 2098.0 2428.0 2670.0 1632.0 1714.0 1726.0 1854.0 1924.0 3200.0 4391.0 5329.0 3861.0 3523.0 3413.0 3069.0 2930.0 3013.0 2885.0 2487.0 2339.0 2529.0 2339.0 2168.0 2517.0 2682.0 2544.0 2135.0 2065.0 2160.0 1788.0 1872.0 1953.0 1996.0 1640.0 1753.0 1798.0 1907.0 1478.0 1502.0 1519.0 1540.0 1563.0 1574.0 1580.0 1586.0 1592.0 1641.0 1670.0 1756.0 1758.0 1744.0 1801.0 1351.0 1497.0 1434.0 1520.0 1541.0 1388.0 1395.0 1557.0 1460.0 1030.0 1080.0 1155.0 1216.0 1245.0 1386.0 1518.0 1626.0 1744.0 1621.0 1007.0 1126.0 1235.0 1323.0 1430.0 1037.0 1198.0 1154.0 1249.0  830.0 1171.0 1296.0 1412.0 1515.0 1541.0 1400.0 1371.0 1209.0 1358.0 2031.0 2298.0 2172.0 2064.0 2155.0 2270.0 2446.0 1972.0 2031.0 2077.0 2304.0 1681.0 1761.0 1962.0 1823.0 1790.0 2088.0 1885.0 2062.0 1760.0 1906.0 1966.0 2175.0 2478.0 2187.0 2295.0 2310.0 2509.0 1502.0 1459.0 1588.0 1533.0 1696.0 1884.0 1642.0 1903.0 1764.0 2064.0 2177.0 2442.0 2402.0 1769.0 2022.0 1937.0 2113.0 2301.0 3023.0
 2203.0  762.0  725.0  542.0  615.0  469.0  383.0  422.0  125.0      0  304.0  246.0  302.0  441.0  474.0  798.0  168.0  260.0  373.0  598.0  484.0  644.0  790.0  799.0  899.0  722.0  771.0  820.0  808.0 1048.0  966.0  869.0  886.0 1118.0 1069.0 1144.0  976.0 1152.0 1204.0 1240.0 1327.0 1318.0 1272.0 1329.0 1360.0 1407.0 1436.0 1492.0 1467.0 1619.0 1252.0 1259.0 1266.0 1356.0 1346.0 1340.0 1456.0 1565.0 1569.0 1552.0 1602.0 1730.0 1847.0 1850.0 1903.0 1975.0 2304.0 2548.0 1519.0 1600.0 1608.0 1734.0 1806.0 3086.0 4292.0 5213.0 3738.0 3399.0 3294.0 2952.0 2813.0 2899.0 2761.0 2362.0 2214.0 2406.0 2218.0 2050.0 2398.0 2564.0 2429.0 2014.0 1945.0 2042.0 1668.0 1753.0 1834.0 1879.0 1520.0 1635.0 1684.0 1795.0 1357.0 1383.0 1399.0 1420.0 1444.0 1454.0 1460.0 1466.0 1473.0 1525.0 1557.0 1644.0 1647.0 1635.0 1693.0 1234.0 1382.0 1321.0 1408.0 1433.0 1274.0 1285.0 1452.0 1358.0  919.0  970.0 1046.0 1105.0 1137.0 1287.0 1420.0 1530.0 1652.0 1533.0  908.0 1030.0 1146.0 1237.0 1346.0  948.0 1117.0 1078.0 1175.0  806.0 1117.0 1255.0 1366.0 1473.0 1505.0 1386.0 1364.0 1199.0 1369.0 1919.0 2189.0 2065.0 1957.0 2054.0 2170.0 2346.0 1870.0 1935.0 1983.0 2209.0 1576.0 1657.0 1866.0 1727.0 1699.0 2002.0 1801.0 1982.0 1683.0 1830.0 1895.0 2101.0 2405.0 2119.0 2228.0 2250.0 2451.0 1417.0 1380.0 1509.0 1470.0 1633.0 1817.0 1588.0 1856.0 1722.0 2013.0 2130.0 2389.0 2353.0 1740.0 1984.0 1916.0 2093.0 2295.0 3007.0
 2414.0 1009.0  902.0  832.0  911.0  772.0  686.0  712.0  408.0  304.0      0  258.0  506.0  576.0  473.0  896.0  284.0  207.0  137.0  445.0  255.0  340.0  489.0  499.0  619.0  501.0  486.0  532.0  510.0  941.0  806.0  715.0  679.0  918.0  834.0  888.0  698.0  872.0  913.0  966.0 1063.0 1065.0 1032.0 1083.0 1108.0 1147.0 1186.0 1240.0 1212.0 1358.0 1116.0 1086.0 1067.0 1198.0 1179.0 1141.0 1275.0 1393.0 1389.0 1364.0 1415.0 1540.0 1669.0 1681.0 1721.0 1784.0 2102.0 2374.0 1423.0 1497.0 1473.0 1587.0 1669.0 2968.0 4236.0 5075.0 3480.0 3145.0 3016.0 2666.0 2526.0 2608.0 2512.0 2127.0 1974.0 2146.0 1947.0 1768.0 2118.0 2281.0 2140.0 1744.0 1672.0 1761.0 1393.0 1475.0 1557.0 1594.0 1247.0 1353.0 1393.0 1501.0 1089.0 1107.0 1126.0 1149.0 1170.0 1182.0 1187.0 1194.0 1198.0 1239.0 1264.0 1350.0 1351.0 1337.0 1393.0  951.0 1094.0 1029.0 1114.0 1134.0  983.0  989.0 1151.0 1055.0  624.0  674.0  748.0  810.0  837.0  983.0 1117.0 1226.0 1349.0 1232.0  604.0  727.0  844.0  938.0 1049.0  647.0  822.0  789.0  888.0  622.0  859.0 1016.0 1117.0 1228.0 1270.0 1197.0 1191.0 1022.0 1233.0 1625.0 1891.0 1764.0 1657.0 1751.0 1866.0 2042.0 1567.0 1631.0 1679.0 1905.0 1274.0 1355.0 1563.0 1423.0 1397.0 1701.0 1502.0 1685.0 1389.0 1538.0 1606.0 1809.0 2114.0 1832.0 1943.0 1973.0 2176.0 1119.0 1085.0 1214.0 1195.0 1356.0 1534.0 1324.0 1599.0 1473.0 1749.0 1871.0 2121.0 2090.0 1514.0 1741.0 1704.0 1879.0 2108.0 2796.0
 2160.0  773.0  647.0  645.0  736.0  627.0  548.0  534.0  368.0  246.0  258.0      0  273.0  319.0  249.0  645.0  363.0  377.0  221.0  358.0  290.0  549.0  705.0  715.0  861.0  499.0  601.0  651.0  663.0  805.0  721.0  624.0  653.0  880.0  844.0  931.0  787.0  961.0 1028.0 1042.0 1118.0 1100.0 1047.0 1106.0 1141.0 1194.0 1215.0 1272.0 1250.0 1404.0 1007.0 1015.0 1026.0 1111.0 1101.0 1100.0 1212.0 1321.0 1325.0 1309.0 1360.0 1488.0 1603.0 1606.0 1659.0 1732.0 2062.0 2303.0 1280.0 1360.0 1363.0 1489.0 1561.0 2845.0 4067.0 4970.0 3516.0 3175.0 3089.0 2757.0 2620.0 2713.0 2535.0 2131.0 1985.0 2187.0 2008.0 1853.0 2197.0 2366.0 2239.0 1804.0 1739.0 1843.0 1466.0 1554.0 1631.0 1687.0 1317.0 1441.0 1503.0 1620.0 1151.0 1184.0 1198.0 1216.0 1242.0 1249.0 1257.0 1263.0 1271.0 1337.0 1382.0 1469.0 1476.0 1472.0 1532.0 1045.0 1198.0 1144.0 1236.0 1273.0 1099.0 1119.0 1304.0 1218.0  759.0  810.0  888.0  940.0  983.0 1159.0 1295.0 1404.0 1538.0 1431.0  790.0  918.0 1048.0 1148.0 1261.0  858.0 1042.0 1020.0 1119.0  875.0 1110.0 1271.0 1369.0 1482.0 1526.0 1453.0 1445.0 1276.0 1479.0 1742.0 2021.0 1904.0 1799.0 1912.0 2028.0 2202.0 1724.0 1806.0 1860.0 2081.0 1427.0 1510.0 1740.0 1601.0 1589.0 1899.0 1707.0 1895.0 1607.0 1757.0 1831.0 2027.0 2333.0 2058.0 2171.0 2208.0 2412.0 1328.0 1303.0 1430.0 1434.0 1594.0 1766.0 1570.0 1847.0 1724.0 1994.0 2118.0 2362.0 2334.0 1770.0 1994.0 1961.0 2136.0 2365.0 3053.0
 1919.0  504.0  424.0  391.0  488.0  415.0  355.0  296.0  358.0  302.0  506.0  273.0      0  164.0  323.0  511.0  470.0  549.0  493.0  556.0  554.0  819.0  975.0  985.0 1123.0  727.0  865.0  914.0  933.0  893.0  870.0  778.0  853.0 1057.0 1056.0 1158.0 1039.0 1209.0 1284.0 1282.0 1347.0 1317.0 1254.0 1317.0 1357.0 1416.0 1426.0 1484.0 1465.0 1623.0 1113.0 1157.0 1194.0 1235.0 1234.0 1265.0 1355.0 1451.0 1463.0 1455.0 1504.0 1631.0 1732.0 1725.0 1790.0 1871.0 2206.0 2416.0 1332.0 1417.0 1453.0 1588.0 1648.0 2895.0 4050.0 5030.0 3712.0 3367.0 3310.0 2991.0 2856.0 2954.0 2725.0 2310.0 2171.0 2393.0 2229.0 2088.0 2426.0 2597.0 2479.0 2025.0 1965.0 2076.0 1698.0 1788.0 1862.0 1927.0 1550.0 1682.0 1752.0 1872.0 1382.0 1421.0 1434.0 1448.0 1477.0 1482.0 1490.0 1496.0 1506.0 1583.0 1635.0 1723.0 1731.0 1731.0 1792.0 1293.0 1448.0 1398.0 1493.0 1534.0 1354.0 1378.0 1570.0 1486.0 1025.0 1075.0 1153.0 1202.0 1249.0 1429.0 1565.0 1674.0 1809.0 1704.0 1062.0 1190.0 1320.0 1420.0 1533.0 1130.0 1313.0 1288.0 1387.0 1090.0 1364.0 1517.0 1621.0 1731.0 1770.0 1672.0 1655.0 1488.0 1667.0 1993.0 2276.0 2163.0 2059.0 2177.0 2293.0 2467.0 1989.0 2075.0 2130.0 2350.0 1692.0 1776.0 2009.0 1871.0 1861.0 2171.0 1980.0 2167.0 1879.0 2028.0 2101.0 2299.0 2604.0 2328.0 2441.0 2475.0 2679.0 1601.0 1574.0 1702.0 1698.0 1859.0 2034.0 1829.0 2104.0 1977.0 2255.0 2376.0 2626.0 2596.0 2010.0 2245.0 2195.0 2371.0 2584.0 3287.0
 1842.0  498.0  329.0  488.0  586.0  550.0  502.0  420.0  515.0  441.0  576.0  319.0  164.0      0  229.0  357.0  606.0  665.0  524.0  489.0  549.0  851.0 1005.0 1016.0 1174.0  670.0  847.0  895.0  930.0  752.0  755.0  669.0  769.0  952.0  975.0 1087.0  997.0 1159.0 1245.0 1222.0 1274.0 1236.0 1165.0 1230.0 1273.0 1337.0 1338.0 1396.0 1380.0 1539.0  974.0 1033.0 1081.0 1101.0 1104.0 1150.0 1228.0 1317.0 1332.0 1329.0 1377.0 1502.0 1596.0 1585.0 1655.0 1738.0 2074.0 2272.0 1176.0 1262.0 1306.0 1443.0 1499.0 2736.0 3886.0 4871.0 3603.0 3257.0 3221.0 2914.0 2781.0 2885.0 2616.0 2196.0 2061.0 2294.0 2142.0 2016.0 2347.0 2519.0 2410.0 1941.0 1885.0 2002.0 1625.0 1718.0 1787.0 1861.0 1479.0 1618.0 1698.0 1821.0 1311.0 1357.0 1368.0 1379.0 1410.0 1411.0 1421.0 1426.0 1437.0 1526.0 1588.0 1675.0 1686.0 1693.0 1754.0 1242.0 1398.0 1355.0 1452.0 1502.0 1313.0 1345.0 1546.0 1469.0 1007.0 1056.0 1132.0 1174.0 1228.0 1422.0 1558.0 1665.0 1806.0 1710.0 1071.0 1199.0 1335.0 1438.0 1551.0 1153.0 1341.0 1326.0 1424.0 1189.0 1426.0 1590.0 1687.0 1800.0 1844.0 1769.0 1758.0 1590.0 1783.0 1940.0 2227.0 2122.0 2020.0 2150.0 2265.0 2436.0 1961.0 2059.0 2117.0 2333.0 1665.0 1749.0 1995.0 1858.0 1860.0 2171.0 1988.0 2178.0 1899.0 2049.0 2127.0 2317.0 2621.0 2355.0 2469.0 2512.0 2717.0 1616.0 1598.0 1722.0 1743.0 1901.0 2067.0 1883.0 2162.0 2041.0 2306.0 2431.0 2670.0 2646.0 2089.0 2311.0 2280.0 2455.0 2681.0 3371.0
 2011.0  723.0  519.0  702.0  800.0  738.0  675.0  617.0  585.0  474.0  473.0  249.0  323.0  229.0      0  439.0  609.0  623.0  376.0  261.0  358.0  678.0  827.0  838.0 1013.0  443.0  635.0  680.0  725.0  586.0  548.0  456.0  542.0  736.0  747.0  858.0  772.0  932.0 1019.0  994.0 1046.0 1009.0  941.0 1005.0 1047.0 1110.0 1114.0 1172.0 1155.0 1313.0  800.0  836.0  871.0  917.0  914.0  943.0 1034.0 1132.0 1143.0 1134.0 1183.0 1311.0 1414.0 1410.0 1472.0 1551.0 1886.0 2105.0 1048.0 1130.0 1149.0 1280.0 1346.0 2616.0 3821.0 4746.0 3391.0 3046.0 2998.0 2687.0 2554.0 2657.0 2404.0 1988.0 1850.0 2075.0 1918.0 1788.0 2120.0 2292.0 2182.0 1716.0 1658.0 1774.0 1397.0 1489.0 1559.0 1632.0 1251.0 1389.0 1469.0 1593.0 1083.0 1128.0 1139.0 1150.0 1181.0 1183.0 1193.0 1198.0 1209.0 1297.0 1361.0 1448.0 1459.0 1467.0 1529.0 1014.0 1170.0 1129.0 1226.0 1278.0 1087.0 1121.0 1325.0 1252.0  792.0  840.0  915.0  953.0 1010.0 1210.0 1344.0 1450.0 1594.0 1504.0  872.0  999.0 1137.0 1242.0 1354.0  965.0 1155.0 1148.0 1245.0 1091.0 1274.0 1449.0 1535.0 1650.0 1701.0 1657.0 1657.0 1489.0 1704.0 1711.0 1999.0 1895.0 1794.0 1926.0 2041.0 2212.0 1738.0 1840.0 1900.0 2112.0 1443.0 1527.0 1777.0 1642.0 1649.0 1960.0 1782.0 1973.0 1702.0 1851.0 1933.0 2117.0 2420.0 2161.0 2275.0 2326.0 2531.0 1417.0 1405.0 1526.0 1568.0 1722.0 1880.0 1715.0 1997.0 1884.0 2134.0 2261.0 2491.0 2471.0 1948.0 2156.0 2148.0 2320.0 2564.0 3233.0
 1587.0  522.0  244.0  697.0  782.0  814.0  793.0  683.0  868.0  798.0  896.0  645.0  511.0  357.0  439.0      0  961.0 1012.0  813.0  646.0  793.0 1115.0 1261.0 1272.0 1451.0  813.0 1042.0 1082.0 1141.0  637.0  739.0  686.0  838.0  944.0 1028.0 1156.0 1136.0 1271.0 1374.0 1310.0 1330.0 1270.0 1186.0 1250.0 1300.0 1373.0 1351.0 1406.0 1399.0 1552.0  845.0  954.0 1039.0  984.0 1000.0 1096.0 1127.0 1189.0 1215.0 1225.0 1267.0 1384.0 1449.0 1425.0 1508.0 1600.0 1931.0 2079.0  950.0 1036.0 1121.0 1262.0 1298.0 2466.0 3559.0 4598.0 3517.0 3168.0 3192.0 2918.0 2792.0 2910.0 2536.0 2107.0 1989.0 2250.0 2134.0 2046.0 2352.0 2526.0 2441.0 1941.0 1898.0 2028.0 1664.0 1759.0 1815.0 1909.0 1529.0 1678.0 1779.0 1906.0 1369.0 1427.0 1432.0 1435.0 1470.0 1465.0 1477.0 1481.0 1494.0 1606.0 1688.0 1771.0 1787.0 1807.0 1869.0 1347.0 1498.0 1472.0 1569.0 1634.0 1436.0 1480.0 1693.0 1633.0 1189.0 1232.0 1302.0 1328.0 1394.0 1604.0 1734.0 1836.0 1984.0 1907.0 1293.0 1415.0 1555.0 1661.0 1771.0 1393.0 1582.0 1581.0 1677.0 1518.0 1713.0 1887.0 1974.0 2088.0 2140.0 2091.0 2087.0 1918.0 2124.0 2016.0 2308.0 2220.0 2125.0 2276.0 2388.0 2552.0 2090.0 2208.0 2273.0 2475.0 1804.0 1886.0 2150.0 2020.0 2041.0 2350.0 2183.0 2375.0 2116.0 2264.0 2350.0 2526.0 2825.0 2576.0 2691.0 2749.0 2953.0 1830.0 1825.0 1942.0 2000.0 2152.0 2303.0 2151.0 2433.0 2322.0 2566.0 2694.0 2918.0 2901.0 2387.0 2594.0 2586.0 2759.0 3000.0 3672.0
 2362.0  917.0  892.0  671.0  730.0  569.0  486.0  553.0  178.0  168.0  284.0  363.0  470.0  606.0  609.0  961.0      0  129.0  401.0  681.0  524.0  592.0  723.0  730.0  797.0  772.0  768.0  813.0  783.0 1160.0 1053.0  957.0  947.0 1185.0 1112.0 1171.0  981.0 1154.0 1191.0 1249.0 1346.0 1348.0 1313.0 1365.0 1391.0 1431.0 1468.0 1523.0 1496.0 1642.0 1353.0 1342.0 1335.0 1447.0 1432.0 1409.0 1535.0 1650.0 1650.0 1628.0 1679.0 1805.0 1930.0 1937.0 1983.0 2050.0 2373.0 2634.0 1638.0 1717.0 1711.0 1832.0 1909.0 3200.0 4429.0 5320.0 3763.0 3429.0 3297.0 2944.0 2804.0 2882.0 2795.0 2408.0 2255.0 2430.0 2230.0 2049.0 2399.0 2561.0 2417.0 2027.0 1955.0 2042.0 1676.0 1756.0 1840.0 1874.0 1530.0 1634.0 1670.0 1774.0 1373.0 1390.0 1409.0 1432.0 1453.0 1465.0 1470.0 1477.0 1481.0 1518.0 1539.0 1623.0 1623.0 1604.0 1659.0 1233.0 1373.0 1306.0 1388.0 1402.0 1259.0 1261.0 1411.0 1312.0  900.0  949.0 1021.0 1084.0 1106.0 1233.0 1363.0 1470.0 1583.0 1457.0  857.0  972.0 1074.0 1158.0 1263.0  876.0 1031.0  983.0 1076.0  656.0  994.0 1119.0 1234.0 1338.0 1365.0 1231.0 1205.0 1042.0 1204.0 1898.0 2158.0 2028.0 1920.0 2003.0 2117.0 2293.0 1822.0 1874.0 1917.0 2144.0 1534.0 1613.0 1804.0 1665.0 1627.0 1922.0 1717.0 1892.0 1589.0 1733.0 1792.0 2002.0 2305.0 2012.0 2119.0 2133.0 2332.0 1335.0 1290.0 1418.0 1357.0 1520.0 1708.0 1464.0 1725.0 1587.0 1887.0 2000.0 2265.0 2225.0 1594.0 1846.0 1765.0 1942.0 2137.0 2854.0
 2461.0 1022.0  971.0  791.0  854.0  696.0  612.0  671.0  304.0  260.0  207.0  377.0  549.0  665.0  623.0 1012.0  129.0      0  341.0  644.0  461.0  475.0  599.0  606.0  669.0  707.0  669.0  712.0  673.0 1137.0 1010.0  917.0  885.0 1124.0 1036.0 1084.0  884.0 1054.0 1083.0 1151.0 1253.0 1262.0 1233.0 1282.0 1305.0 1339.0 1382.0 1436.0 1407.0 1549.0 1318.0 1292.0 1273.0 1403.0 1384.0 1347.0 1481.0 1599.0 1595.0 1571.0 1621.0 1745.0 1875.0 1887.0 1927.0 1989.0 2307.0 2580.0 1619.0 1694.0 1675.0 1791.0 1872.0 3170.0 4425.0 5280.0 3668.0 3336.0 3191.0 2834.0 2693.0 2768.0 2705.0 2325.0 2171.0 2336.0 2129.0 1942.0 2294.0 2453.0 2306.0 1928.0 1854.0 1937.0 1575.0 1653.0 1738.0 1766.0 1431.0 1529.0 1559.0 1660.0 1278.0 1291.0 1310.0 1335.0 1353.0 1368.0 1372.0 1379.0 1382.0 1412.0 1427.0 1510.0 1509.0 1488.0 1542.0 1130.0 1266.0 1197.0 1276.0 1286.0 1150.0 1149.0 1292.0 1191.0  792.0  839.0  909.0  974.0  991.0 1111.0 1239.0 1346.0 1457.0 1330.0  737.0  849.0  947.0 1030.0 1135.0  751.0  903.0  854.0  948.0  547.0  869.0  999.0 1113.0 1218.0 1248.0 1128.0 1108.0  942.0 1121.0 1784.0 2040.0 1908.0 1800.0 1879.0 1993.0 2169.0 1700.0 1748.0 1791.0 2018.0 1414.0 1492.0 1679.0 1540.0 1500.0 1794.0 1589.0 1764.0 1460.0 1605.0 1664.0 1874.0 2177.0 1885.0 1992.0 2007.0 2206.0 1207.0 1161.0 1290.0 1230.0 1393.0 1581.0 1340.0 1603.0 1467.0 1763.0 1878.0 2141.0 2102.0 1481.0 1728.0 1657.0 1834.0 2038.0 2748.0
 2364.0  993.0  852.0  857.0  944.0  821.0  737.0  741.0  493.0  373.0  137.0  221.0  493.0  524.0  376.0  813.0  401.0  341.0      0  310.0  123.0  329.0  485.0  496.0  651.0  372.0  400.0  450.0  450.0  807.0  671.0  579.0  548.0  787.0  712.0  777.0  603.0  779.0  833.0  868.0  957.0  953.0  914.0  967.0  995.0 1039.0 1072.0 1128.0 1101.0 1251.0  980.0  952.0  937.0 1063.0 1044.0 1010.0 1142.0 1259.0 1256.0 1232.0 1283.0 1408.0 1536.0 1547.0 1588.0 1653.0 1974.0 2241.0 1288.0 1362.0 1337.0 1451.0 1533.0 2832.0 4102.0 4940.0 3372.0 3035.0 2922.0 2580.0 2441.0 2527.0 2399.0 2008.0 1857.0 2039.0 1847.0 1677.0 2025.0 2191.0 2056.0 1643.0 1573.0 1669.0 1296.0 1380.0 1461.0 1507.0 1148.0 1262.0 1313.0 1426.0  986.0 1010.0 1027.0 1048.0 1071.0 1082.0 1088.0 1094.0 1100.0 1152.0 1187.0 1275.0 1278.0 1270.0 1329.0  861.0 1010.0  950.0 1039.0 1069.0  904.0  918.0 1095.0 1005.0  553.0  604.0  682.0  738.0  775.0  942.0 1078.0 1188.0 1320.0 1212.0  570.0  699.0  828.0  928.0 1040.0  638.0  823.0  803.0  902.0  722.0  907.0 1077.0 1168.0 1282.0 1330.0 1283.0 1284.0 1116.0 1339.0 1549.0 1823.0 1702.0 1595.0 1701.0 1817.0 1992.0 1515.0 1591.0 1644.0 1866.0 1218.0 1301.0 1524.0 1385.0 1371.0 1680.0 1487.0 1674.0 1387.0 1537.0 1611.0 1807.0 2112.0 1839.0 1952.0 1991.0 2195.0 1108.0 1083.0 1210.0 1220.0 1378.0 1547.0 1359.0 1639.0 1520.0 1782.0 1907.0 2147.0 2122.0 1577.0 1792.0 1774.0 1947.0 2188.0 2862.0
 2233.0  984.0  770.0  946.0 1043.0  960.0  888.0  850.0  722.0  598.0  445.0  358.0  556.0  489.0  261.0  646.0  681.0  644.0  310.0      0  211.0  507.0  636.0  646.0  839.0  182.0  396.0  437.0  496.0  498.0  372.0  276.0  300.0  523.0  501.0  603.0  513.0  671.0  760.0  734.0  792.0  762.0  701.0  762.0  802.0  861.0  872.0  930.0  910.0 1067.0  675.0  663.0  669.0  766.0  752.0  743.0  859.0  971.0  973.0  955.0 1005.0 1133.0 1252.0 1258.0 1307.0 1377.0 1706.0 1955.0  979.0 1053.0 1033.0 1151.0 1230.0 2526.0 3794.0 4640.0 3166.0 2824.0 2755.0 2436.0 2301.0 2402.0 2183.0 1775.0 1631.0 1841.0 1673.0 1535.0 1871.0 2042.0 1927.0 1470.0 1409.0 1522.0 1143.0 1235.0 1307.0 1376.0  996.0 1132.0 1209.0 1333.0  828.0  871.0  882.0  895.0  925.0  928.0  937.0  943.0  953.0 1038.0 1100.0 1187.0 1198.0 1207.0 1268.0  754.0  910.0  868.0  965.0 1019.0  827.0  862.0 1068.0  999.0  546.0  591.0  663.0  697.0  757.0  963.0 1095.0 1200.0 1345.0 1263.0  649.0  770.0  911.0 1016.0 1126.0  756.0  943.0  949.0 1041.0  999.0 1105.0 1289.0 1361.0 1476.0 1534.0 1531.0 1543.0 1378.0 1616.0 1451.0 1739.0 1634.0 1533.0 1667.0 1782.0 1952.0 1479.0 1584.0 1645.0 1856.0 1185.0 1269.0 1523.0 1389.0 1402.0 1713.0 1540.0 1732.0 1470.0 1619.0 1704.0 1881.0 2181.0 1931.0 2046.0 2104.0 2309.0 1185.0 1180.0 1297.0 1365.0 1512.0 1659.0 1520.0 1802.0 1699.0 1929.0 2058.0 2276.0 2262.0 1782.0 1971.0 1990.0 2158.0 2419.0 3061.0
 2368.0 1038.0  868.0  934.0 1026.0  914.0  833.0  824.0  607.0  484.0  255.0  290.0  554.0  549.0  358.0  793.0  524.0  461.0  123.0  211.0      0  323.0  469.0  480.0  659.0  249.0  312.0  362.0  383.0  704.0  555.0  466.0  426.0  665.0  591.0  660.0  500.0  675.0  739.0  759.0  843.0  835.0  793.0  847.0  878.0  923.0  954.0 1010.0  984.0 1135.0  867.0  832.0  814.0  945.0  925.0  888.0 1020.0 1139.0 1135.0 1111.0 1161.0 1286.0 1415.0 1427.0 1467.0 1531.0 1851.0 2120.0 1183.0 1254.0 1222.0 1334.0 1417.0 2717.0 3999.0 4822.0 3255.0 2917.0 2812.0 2475.0 2337.0 2427.0 2280.0 1887.0 1736.0 1923.0 1734.0 1571.0 1917.0 2084.0 1954.0 1530.0 1462.0 1562.0 1186.0 1273.0 1352.0 1402.0 1038.0 1157.0 1214.0 1331.0  874.0  902.0  918.0  937.0  962.0  971.0  977.0  984.0  991.0 1050.0 1092.0 1180.0 1186.0 1182.0 1242.0  758.0  910.0  855.0  947.0  983.0  809.0  829.0 1017.0  933.0  472.0  522.0  600.0  651.0  696.0  879.0 1015.0 1123.0 1261.0 1162.0  522.0  651.0  787.0  890.0 1003.0  609.0  798.0  791.0  888.0  790.0  923.0 1102.0 1183.0 1298.0 1352.0 1330.0 1339.0 1173.0 1408.0 1453.0 1731.0 1615.0 1509.0 1624.0 1740.0 1914.0 1436.0 1523.0 1578.0 1798.0 1139.0 1223.0 1457.0 1319.0 1314.0 1626.0 1440.0 1629.0 1351.0 1501.0 1581.0 1769.0 2073.0 1808.0 1923.0 1970.0 2175.0 1068.0 1051.0 1175.0 1210.0 1365.0 1524.0 1358.0 1640.0 1529.0 1776.0 1903.0 2134.0 2113.0 1600.0 1801.0 1803.0 1974.0 2227.0 2883.0
 2685.0 1321.0 1177.0 1168.0 1250.0 1112.0 1026.0 1049.0  741.0  644.0  340.0  549.0  819.0  851.0  678.0 1115.0  592.0  475.0  329.0  507.0  323.0      0  156.0  167.0  337.0  433.0  251.0  277.0  210.0  953.0  766.0  698.0  586.0  800.0  664.0  671.0  449.0  603.0  616.0  704.0  817.0  843.0  836.0  873.0  885.0  906.0  962.0 1011.0  978.0 1108.0 1072.0  994.0  938.0 1118.0 1088.0 1004.0 1157.0 1282.0 1267.0 1232.0 1280.0 1395.0 1537.0 1561.0 1583.0 1631.0 1928.0 2232.0 1410.0 1472.0 1408.0 1501.0 1593.0 2888.0 4217.0 4955.0 3212.0 2885.0 2722.0 2361.0 2220.0 2293.0 2263.0 1902.0 1745.0 1885.0 1669.0 1474.0 1825.0 1983.0 1832.0 1472.0 1394.0 1470.0 1117.0 1190.0 1276.0 1297.0  978.0 1064.0 1086.0 1186.0  835.0  838.0  859.0  886.0  900.0  918.0  920.0  927.0  928.0  944.0  953.0 1036.0 1034.0 1013.0 1068.0  672.0  799.0  727.0  803.0  811.0  681.0  675.0  820.0  721.0  329.0  372.0  437.0  503.0  517.0  645.0  778.0  887.0 1009.0  893.0  266.0  387.0  506.0  603.0  715.0  311.0  494.0  475.0  574.0  535.0  601.0  783.0  861.0  976.0 1031.0 1028.0 1045.0  885.0 1135.0 1310.0 1566.0 1436.0 1328.0 1414.0 1529.0 1706.0 1232.0 1292.0 1339.0 1565.0  943.0 1022.0 1223.0 1084.0 1057.0 1363.0 1166.0 1351.0 1060.0 1209.0 1283.0 1480.0 1785.0 1510.0 1623.0 1662.0 1867.0  784.0  756.0  883.0  894.0 1051.0 1219.0 1038.0 1320.0 1207.0 1458.0 1585.0 1820.0 1797.0 1279.0 1479.0 1485.0 1654.0 1912.0 2562.0
 2836.0 1477.0 1330.0 1320.0 1400.0 1259.0 1173.0 1201.0  881.0  790.0  489.0  705.0  975.0 1005.0  827.0 1261.0  723.0  599.0  485.0  636.0  469.0  156.0      0   11.0  211.0  530.0  298.0  297.0  204.0 1046.0  847.0  791.0  656.0  844.0  689.0  666.0  439.0  561.0  545.0  663.0  783.0  824.0  834.0  861.0  864.0  872.0  938.0  981.0  947.0 1061.0 1140.0 1042.0  970.0 1168.0 1134.0 1031.0 1188.0 1313.0 1294.0 1255.0 1299.0 1408.0 1554.0 1584.0 1595.0 1635.0 1917.0 2236.0 1483.0 1539.0 1459.0 1540.0 1637.0 2918.0 4271.0 4961.0 3138.0 2817.0 2629.0 2260.0 2119.0 2185.0 2205.0 1862.0 1703.0 1821.0 1595.0 1387.0 1737.0 1889.0 1731.0 1402.0 1322.0 1386.0 1050.0 1115.0 1203.0 1209.0  919.0  986.0  992.0 1082.0  794.0  784.0  806.0  836.0  845.0  865.0  865.0  873.0  871.0  865.0  858.0  936.0  930.0  902.0  953.0  617.0  723.0  647.0  710.0  704.0  603.0  584.0  700.0  596.0  292.0  318.0  363.0  430.0  423.0  513.0  641.0  748.0  864.0  743.0  154.0  251.0  356.0  449.0  561.0  158.0  338.0  322.0  420.0  508.0  472.0  661.0  726.0  841.0  901.0  929.0  957.0  806.0 1067.0 1205.0 1449.0 1314.0 1206.0 1281.0 1395.0 1571.0 1102.0 1152.0 1196.0 1423.0  820.0  896.0 1082.0  943.0  910.0 1213.0 1013.0 1197.0  904.0 1054.0 1127.0 1325.0 1630.0 1354.0 1467.0 1507.0 1712.0  630.0  600.0  728.0  742.0  897.0 1063.0  890.0 1172.0 1065.0 1307.0 1435.0 1667.0 1645.0 1148.0 1337.0 1358.0 1524.0 1792.0 2426.0
 2847.0 1488.0 1341.0 1330.0 1410.0 1268.0 1182.0 1210.0  889.0  799.0  499.0  715.0  985.0 1016.0  838.0 1272.0  730.0  606.0  496.0  646.0  480.0  167.0   11.0      0  202.0  539.0  306.0  304.0  211.0 1054.0  855.0  800.0  664.0  851.0  694.0  669.0  443.0  563.0  545.0  664.0  784.0  827.0  838.0  864.0  866.0  873.0  941.0  983.0  949.0 1062.0 1148.0 1049.0  976.0 1175.0 1141.0 1036.0 1194.0 1319.0 1299.0 1260.0 1304.0 1412.0 1558.0 1589.0 1600.0 1639.0 1919.0 2239.0 1491.0 1547.0 1466.0 1546.0 1643.0 2923.0 4277.0 4965.0 3135.0 2815.0 2626.0 2256.0 2114.0 2180.0 2204.0 1863.0 1704.0 1820.0 1593.0 1385.0 1734.0 1886.0 1727.0 1401.0 1321.0 1383.0 1049.0 1113.0 1201.0 1207.0  919.0  985.0  989.0 1078.0  795.0  784.0  806.0  837.0  845.0  866.0  865.0  873.0  871.0  863.0  854.0  932.0  926.0  897.0  948.0  617.0  721.0  645.0  707.0  700.0  601.0  581.0  694.0  591.0  295.0  320.0  362.0  429.0  420.0  506.0  633.0  740.0  856.0  735.0  152.0  244.0  347.0  440.0  551.0  149.0  328.0  312.0  410.0  505.0  463.0  651.0  716.0  831.0  891.0  921.0  949.0  799.0 1061.0 1201.0 1443.0 1308.0 1200.0 1274.0 1388.0 1564.0 1096.0 1144.0 1188.0 1415.0  814.0  890.0 1074.0  935.0  901.0 1203.0 1004.0 1187.0  894.0 1044.0 1117.0 1315.0 1620.0 1344.0 1457.0 1497.0 1701.0  621.0  590.0  718.0  731.0  887.0 1053.0  879.0 1162.0 1054.0 1297.0 1424.0 1656.0 1634.0 1138.0 1326.0 1348.0 1514.0 1782.0 2415.0
 3014.0 1626.0 1502.0 1440.0 1512.0 1360.0 1275.0 1319.0  970.0  899.0  619.0  861.0 1123.0 1174.0 1013.0 1451.0  797.0  669.0  651.0  839.0  659.0  337.0  211.0  202.0      0  740.0  506.0  500.0  407.0 1256.0 1056.0 1001.0  864.0 1043.0  881.0  841.0  621.0  713.0  669.0  809.0  932.0  986.0 1008.0 1027.0 1022.0 1018.0 1093.0 1129.0 1094.0 1191.0 1345.0 1242.0 1162.0 1367.0 1332.0 1219.0 1378.0 1503.0 1480.0 1439.0 1482.0 1585.0 1732.0 1766.0 1771.0 1804.0 2072.0 2401.0 1689.0 1744.0 1657.0 1733.0 1830.0 3102.0 4466.0 5123.0 3214.0 2903.0 2680.0 2299.0 2158.0 2211.0 2308.0 1989.0 1829.0 1919.0 1682.0 1459.0 1802.0 1944.0 1775.0 1499.0 1416.0 1462.0 1156.0 1209.0 1297.0 1283.0 1039.0 1081.0 1061.0 1132.0  936.0  913.0  936.0  968.0  970.0  994.0  991.0  998.0  993.0  960.0  928.0  997.0  984.0  943.0  985.0  752.0  828.0  750.0  792.0  762.0  712.0  676.0  733.0  627.0  470.0  480.0  500.0  560.0  527.0  532.0  634.0  729.0  816.0  680.0  299.0  309.0  331.0  385.0  478.0  196.0  250.0  189.0  280.0  377.0  266.0  451.0  525.0  639.0  696.0  721.0  753.0  608.0  874.0 1249.0 1465.0 1323.0 1217.0 1261.0 1370.0 1544.0 1097.0 1115.0 1148.0 1375.0  841.0  907.0 1044.0  911.0  852.0 1134.0  926.0 1097.0  792.0  937.0  998.0 1206.0 1509.0 1220.0 1330.0 1355.0 1558.0  549.0  496.0  624.0  576.0  738.0  919.0  710.0  989.0  872.0 1134.0 1258.0 1503.0 1474.0  944.0 1144.0 1151.0 1319.0 1583.0 2225.0
 2397.0 1166.0  949.0 1117.0 1213.0 1121.0 1044.0 1016.0  846.0  722.0  501.0  499.0  727.0  670.0  443.0  813.0  772.0  707.0  372.0  182.0  249.0  433.0  530.0  539.0  740.0      0  248.0  279.0  356.0  521.0  337.0  266.0  179.0  417.0  348.0  434.0  332.0  490.0  578.0  557.0  623.0  601.0  551.0  609.0  643.0  696.0  717.0  774.0  751.0  906.0  648.0  592.0  567.0  710.0  687.0  640.0  776.0  897.0  891.0  864.0  914.0 1039.0 1169.0 1184.0 1221.0 1283.0 1602.0 1874.0  981.0 1046.0  995.0 1100.0 1187.0 2488.0 3794.0 4582.0 3019.0 2679.0 2592.0 2266.0 2130.0 2228.0 2040.0 1642.0 1493.0 1689.0 1511.0 1363.0 1703.0 1873.0 1753.0 1307.0 1243.0 1351.0  972.0 1063.0 1137.0 1201.0  824.0  956.0 1030.0 1153.0  657.0  695.0  708.0  723.0  751.0  756.0  765.0  771.0  780.0  859.0  919.0 1006.0 1017.0 1025.0 1087.0  573.0  729.0  687.0  784.0  838.0  646.0  681.0  889.0  823.0  380.0  421.0  490.0  519.0  582.0  792.0  922.0 1025.0 1172.0 1096.0  508.0  619.0  759.0  863.0  971.0  624.0  804.0  821.0  909.0  962.0 1000.0 1189.0 1249.0 1363.0 1426.0 1453.0 1475.0 1316.0 1567.0 1272.0 1558.0 1453.0 1352.0 1486.0 1601.0 1770.0 1298.0 1405.0 1467.0 1676.0 1005.0 1088.0 1344.0 1211.0 1229.0 1539.0 1371.0 1563.0 1310.0 1457.0 1545.0 1715.0 2013.0 1770.0 1885.0 1949.0 2153.0 1025.0 1028.0 1139.0 1228.0 1369.0 1506.0 1388.0 1669.0 1575.0 1787.0 1918.0 2126.0 2115.0 1672.0 1844.0 1884.0 2047.0 2320.0 2940.0
 2629.0 1343.0 1153.0 1245.0 1336.0 1219.0 1136.0 1134.0  886.0  771.0  486.0  601.0  865.0  847.0  635.0 1042.0  768.0  669.0  400.0  396.0  312.0  251.0  298.0  306.0  506.0  248.0      0   50.0  108.0  752.0  550.0  499.0  359.0  555.0  413.0  426.0  215.0  387.0  434.0  483.0  586.0  602.0  588.0  628.0  644.0  673.0  722.0  773.0  743.0  881.0  844.0  752.0  689.0  877.0  845.0  755.0  909.0 1034.0 1018.0  982.0 1029.0 1145.0 1287.0 1312.0 1332.0 1381.0 1679.0 1981.0 1186.0 1243.0 1168.0 1256.0 1350.0 2640.0 3980.0 4705.0 2999.0 2667.0 2531.0 2183.0 2044.0 2128.0 2038.0 1666.0 1510.0 1667.0 1463.0 1283.0 1633.0 1797.0 1658.0 1261.0 1187.0 1276.0  908.0  989.0 1072.0 1110.0  763.0  868.0  913.0 1026.0  609.0  623.0  642.0  666.0  686.0  699.0  703.0  711.0  714.0  755.0  788.0  875.0  879.0  872.0  932.0  466.0  612.0  550.0  639.0  672.0  504.0  519.0  706.0  624.0  161.0  211.0  289.0  340.0  385.0  576.0  711.0  818.0  960.0  870.0  260.0  375.0  516.0  621.0  731.0  377.0  557.0  574.0  661.0  777.0  761.0  951.0 1005.0 1118.0 1183.0 1226.0 1254.0 1102.0 1361.0 1149.0 1423.0 1304.0 1199.0 1313.0 1429.0 1603.0 1125.0 1214.0 1271.0 1488.0  828.0  911.0 1149.0 1012.0 1014.0 1326.0 1148.0 1339.0 1075.0 1223.0 1309.0 1486.0 1787.0 1535.0 1650.0 1709.0 1914.0  789.0  786.0  901.0  980.0 1123.0 1265.0 1140.0 1421.0 1327.0 1541.0 1671.0 1883.0 1871.0 1428.0 1596.0 1641.0 1802.0 2079.0 2693.0
 2669.0 1391.0 1198.0 1295.0 1386.0 1269.0 1186.0 1183.0  934.0  820.0  532.0  651.0  914.0  895.0  680.0 1082.0  813.0  712.0  450.0  437.0  362.0  277.0  297.0  304.0  500.0  279.0   50.0      0   94.0  767.0  561.0  517.0  368.0  548.0  396.0  395.0  175.0  343.0  385.0  440.0  547.0  568.0  560.0  596.0  610.0  635.0  688.0  737.0  706.0  841.0  846.0  746.0  676.0  871.0  838.0  739.0  895.0 1020.0 1003.0  965.0 1011.0 1124.0 1268.0 1295.0 1312.0 1357.0 1652.0 1958.0 1190.0 1244.0 1162.0 1245.0 1341.0 2627.0 3974.0 4683.0 2956.0 2625.0 2485.0 2135.0 1996.0 2080.0 1998.0 1630.0 1473.0 1625.0 1418.0 1237.0 1587.0 1750.0 1610.0 1217.0 1143.0 1230.0  864.0  944.0 1027.0 1063.0  720.0  822.0  865.0  977.0  568.0  579.0  599.0  624.0  642.0  657.0  660.0  667.0  671.0  708.0  738.0  825.0  829.0  823.0  882.0  420.0  564.0  501.0  590.0  623.0  455.0  469.0  656.0  576.0  113.0  162.0  240.0  290.0  336.0  530.0  664.0  771.0  914.0  827.0  234.0  341.0  481.0  585.0  693.0  355.0  529.0  552.0  635.0  791.0  748.0  938.0  987.0 1099.0 1165.0 1221.0 1252.0 1103.0 1364.0 1100.0 1374.0 1255.0 1149.0 1264.0 1380.0 1553.0 1076.0 1166.0 1223.0 1440.0  778.0  862.0 1101.0  964.0  969.0 1281.0 1104.0 1296.0 1035.0 1183.0 1270.0 1445.0 1745.0 1495.0 1611.0 1672.0 1876.0  750.0  750.0  863.0  952.0 1091.0 1228.0 1113.0 1393.0 1303.0 1509.0 1640.0 1848.0 1837.0 1409.0 1571.0 1623.0 1782.0 2063.0 2669.0
