     0 257.0 187.0  91.0 150.0  80.0 130.0 134.0 243.0 185.0 214.0  70.0 272.0 219.0 293.0  54.0 211.0 290.0 268.0 261.0 175.0 250.0 192.0 121.0
 257.0     0 196.0 228.0 112.0 196.0 167.0 154.0 209.0  86.0 223.0 191.0 180.0  83.0  50.0 219.0  74.0 139.0  53.0  43.0 128.0  99.0 228.0 142.0
 187.0 196.0     0 158.0  96.0  88.0  59.0  63.0 286.0 124.0  49.0 121.0 315.0 172.0 232.0  92.0  81.0  98.0 138.0 200.0  76.0  89.0 235.0  99.0
  91.0 228.0 158.0     0 120.0  77.0 101.0 105.0 159.0 156.0 185.0  27.0 188.0 149.0 264.0  82.0 182.0 261.0 239.0 232.0 146.0 221.0 108.0  84.0
 150.0 112.0  96.0 120.0     0  63.0  56.0  34.0 190.0  40.0 123.0  83.0 193.0  79.0 148.0 119.0 105.0 144.0 123.0  98.0  32.0 105.0 119.0  35.0
  80.0 196.0  88.0  77.0  63.0     0  25.0  29.0 216.0 124.0 115.0  47.0 245.0 139.0 232.0  31.0 150.0 176.0 207.0 200.0  76.0 189.0 165.0  29.0
 130.0 167.0  59.0 101.0  56.0  25.0     0  22.0 229.0  95.0  86.0  64.0 258.0 134.0 203.0  43.0 121.0 164.0 178.0 171.0  47.0 160.0 178.0  42.0
 134.0 154.0  63.0 105.0  34.0  29.0  22.0     0 225.0  82.0  90.0  68.0 228.0 112.0 190.0  58.0 108.0 136.0 165.0 131.0  30.0 147.0 154.0  36.0
 243.0 209.0 286.0 159.0 190.0 216.0 229.0 225.0     0 207.0 313.0 173.0  29.0 126.0 248.0 238.0 310.0 389.0 367.0 166.0 222.0 349.0  71.0 220.0
 185.0  86.0 124.0 156.0  40.0 124.0  95.0  82.0 207.0     0 151.0 119.0 159.0  62.0 122.0 147.0  37.0 116.0  86.0  90.0  56.0  76.0 136.0  70.0
 214.0 223.0  49.0 185.0 123.0 115.0  86.0  90.0 313.0 151.0     0 148.0 342.0 199.0 259.0  84.0 160.0 147.0 187.0 227.0 103.0 138.0 262.0 126.0
  70.0 191.0 121.0  27.0  83.0  47.0  64.0  68.0 173.0 119.0 148.0     0 209.0 153.0 227.0  53.0 145.0 224.0 202.0 195.0 109.0 184.0 110.0  55.0
 272.0 180.0 315.0 188.0 193.0 245.0 258.0 228.0  29.0 159.0 342.0 209.0     0  97.0 219.0 267.0 196.0 275.0 227.0 137.0 225.0 235.0  74.0 249.0
 219.0  83.0 172.0 149.0  79.0 139.0 134.0 112.0 126.0  62.0 199.0 153.0  97.0     0 134.0 170.0  99.0 178.0 130.0  69.0 104.0 138.0  96.0 104.0
 293.0  50.0 232.0 264.0 148.0 232.0 203.0 190.0 248.0 122.0 259.0 227.0 219.0 134.0     0 255.0 125.0 154.0  68.0  82.0 164.0 114.0 264.0 178.0
  54.0 219.0  92.0  82.0 119.0  31.0  43.0  58.0 238.0 147.0  84.0  53.0 267.0 170.0 255.0     0 173.0 190.0 230.0 223.0  99.0 212.0 187.0  60.0
 211.0  74.0  81.0 182.0 105.0 150.0 121.0 108.0 310.0  37.0 160.0 145.0 196.0  99.0 125.0 173.0     0  79.0  57.0  90.0  57.0  39.0 182.0  96.0
 290.0 139.0  98.0 261.0 144.0 176.0 164.0 136.0 389.0 116.0 147.0 224.0 275.0 178.0 154.0 190.0  79.0     0  86.0 176.0 112.0  40.0 261.0 175.0
 268.0  53.0 138.0 239.0 123.0 207.0 178.0 165.0 367.0  86.0 187.0 202.0 227.0 130.0  68.0 230.0  57.0  86.0     0  90.0 114.0  46.0 239.0 153.0
 261.0  43.0 200.0 232.0  98.0 200.0 171.0 131.0 166.0  90.0 227.0 195.0 137.0  69.0  82.0 223.0  90.0 176.0  90.0     0 134.0 136.0 165.0 146.0
 175.0 128.0  76.0 146.0  32.0  76.0  47.0  30.0 222.0  56.0 103.0 109.0 225.0 104.0 164.0  99.0  57.0 112.0 114.0 134.0     0  96.0 151.0  47.0
 250.0  99.0  89.0 221.0 105.0 189.0 160.0 147.0 349.0  76.0 138.0 184.0 235.0 138.0 114.0 212.0  39.0  40.0  46.0 136.0  96.0     0 221.0 135.0
 192.0 228.0 235.0 108.0 119.0 165.0 178.0 154.0  71.0 136.0 262.0 110.0  74.0  96.0 264.0 187.0 182.0 261.0 239.0 165.0 151.0 221.0     0 169.0
 121.0 142.0  99.0  84.0  35.0  29.0  42.0  36.0 220.0  70.0 126.0  55.0 249.0 104.0 178.0  60.0  96.0 175.0 153.0 146.0  47.0 135.0 169.0     0
