             0 1692.82987923 2252.27085405  1103.6095324 2522.81449972 396.852617479 1446.76535762  424.53739529 1424.05933865 749.106134002 902.269361111 1546.99224303 2553.84514018 2378.37024031 1014.75366469 1259.35618472 1017.52886937 1167.46948568 813.705720762 1404.84340764 885.112987138 1329.53112036 882.220493981 1206.06674774 1194.02051909 1510.63860668 1571.55973479 415.636860733 2080.50402547 2144.57454988 886.713031369 790.225917064 2640.85175654 1803.86972922 1576.11833312 1172.71053547 2518.19498848 1224.82651833 2102.31420107 1358.10640231 2697.59911773 661.460505246 2250.85983571 1668.39443778 923.017876317 2114.68626515   429.1969245 2522.63294992 442.289497954 1706.57229557 1128.68950558 2474.05173754 1010.45138428 1394.17968713 1707.54619264 795.342693435 1359.81763483 718.229072093 1030.89718207 1152.28902624 1043.21857729 1259.65908086 288.086792478 1365.66211048  1250.2339781 1286.43888312 593.188840084 1617.69280149  1240.5035268 1386.55905031 2635.28309675 801.538520596 1531.15969121 941.981953118 628.046176646 2648.72384367 1048.42930138 2442.32757836 1007.91120641 862.974507155 1219.59214494 2186.07227694 1715.55151482 888.473972607 1733.84111152 1508.30036796  1254.9282848  1219.4465958 806.489925542 643.770145316 752.973439107 302.552474787 412.975786215 1358.84804154 2431.13471449 2376.68361378 814.877291376 782.652541042  1468.2523625 2643.49408927
 1692.82987923             0 1708.46978317 2402.81605621 1185.95952713 2056.61299228 1391.80638021 1619.84104158 1342.50512103 2441.83148477 2358.83551779 1606.48809519 969.751514564 1661.98495781 2445.81315721 2830.61495085 2455.09592481 2836.89125629 2310.21600722 1603.24171602 2501.84252102 2896.74748641 1921.43331917 2894.55557901 893.071105792  2670.9706101 1737.33733051 1363.36532155 1500.96635539 1190.74472495  1592.3846897 2165.91781931 1069.31800696 1451.47958994 1893.08055824 2857.56907178 1143.12422772 2917.25710214 961.137867322 336.505572019  1984.4540811 1536.06022017 1834.54544779 256.563832213 2124.21397227 1636.49778491 1932.61713746 1595.60646777 2094.27338235 416.124981226 1146.96338215 1302.29220991 2577.25144291 331.303486248 1529.07978863 1902.78979396 1400.38887456 1160.70065047 2626.07387558 1851.15666544 1006.10635621 1802.54264859 1979.19806993 331.716746638 2526.65826736  2618.4869677 1102.74294375  710.53852816 573.266081327 2887.44264012 1901.81439683 2458.64698564 462.243442355 2543.90664137 2076.21217606 1045.01722474 1663.85966956 1262.33315729   2647.112389 1670.00479041 842.630405338  569.94122504 1513.22503284 2581.30064115 832.313642805 1752.07220171  1218.5007181  2806.4335018 1419.50871783 2301.79864454  1978.3210053 1769.46912943  1399.7464056 2963.13297035 793.771377665 1200.94129748 2093.03607231 1911.41099714 3155.99366286  1830.8052873
 2252.27085405 1708.46978317             0 3332.92334145 1073.73600107 2622.80613085   811.3211448 2501.89767976  829.19056917 2793.51033648 2264.73000598 782.465973701 1532.65423367 221.298441025 2279.52736329 3482.27655421 2292.55337997 3286.38479183 3065.97537498 934.013383202 2582.16285311 3551.54121474 1703.46969448  3245.7197969 1183.94298849  3716.8310427  846.13237735 1855.77638739 214.021027004 592.084453435 2769.94873599 2086.77861787 1532.92204629 448.412756286 983.246154328  3047.0001641 1133.38166564 3215.88370436 850.565106268 1730.96764846 450.787089434 2591.88155594 171.026313765 1452.25066707 1895.67982529 139.262342361 2138.57382384 507.055223817 2669.80149075 1292.65347251 1137.94903225 823.310391043 3246.17806043 1827.94337987  567.12079842 2916.61756149 902.656080686 1572.47225731 2625.83796149 1377.63057457 1275.46736532 1227.89291064  2473.6988499 1650.52870317 3479.70185504  3529.2011844 1872.40620593 1020.78499205  1423.7812332 3630.57708911   401.0049875 2640.37648831 1287.39193721 2582.74776159 2870.33830759 1615.06965794 1333.01462858 832.663197217 3193.36076885 2811.80813712  1192.8206068 1530.88863083 552.952981726 2913.17181093 880.570837582 926.741603685        1001.0 3435.26214429   2587.069771 2842.38280321 1885.10609781 2515.46297925 1845.79874309 3554.43385084 1633.18216988 826.460525373  3018.3765504 1786.23542681 3314.91553437  454.27854891
  1103.6095324 2402.81605621 3332.92334145             0 3447.02552935 822.125294587 2538.42470836 850.718519841 2511.70957716 1030.06892973 1695.41735275  2649.1389167 3362.05130835 3441.60965247  1794.2745052 624.771958398 1789.48959203 928.903116584  372.33989848 2508.21151421 1444.92110511 660.866854972 1928.37470425  1101.3105829 2203.68622993 417.062345459 2675.05551344 1478.04871368  3149.9563489 3152.29979539 844.351822406 1696.56270146 3458.91601517 2886.52386098 2674.07572817 1336.01347299 3428.18027531 1189.67306433  3060.9888925 2087.30184688   3771.111905 867.681969387  3343.3689596 2479.00181525 1895.49782379 3197.56157095 1394.72291155 3555.86065531  785.49474855 2568.81782149 2195.77457859 3447.68473037 497.636413459 2071.58031464 2801.62238712 500.371861719 2454.43802122 1763.01134426 1572.77875113  2235.1527912 2076.10813784 2353.39435709 973.903485978 2131.24024924  147.17676447  216.11339616 1502.06824079 2575.05728092 2132.52924951 554.476329522 3704.46176927 1293.38702638 2416.40476742 1507.78247768 477.200167645 3443.82345657 2147.80492597 3412.10345681 718.357153511 758.021767497 2215.77367978 2965.15800591 2808.10558918 1061.23324486 2712.55175066 2611.05649115 2332.15458321 644.049687524  992.36283687 747.466387204 1760.31616478 819.319229605 1491.48416016  784.62347658 3196.27439373 3344.20468871 324.229856737 1821.03075207 1498.55163408 3701.24641168
 2522.81449972 1185.95952713 1073.73600107 3447.02552935             0 2919.35215416 1423.98911513 2605.81753007 1400.12142331 3218.19530172 2883.28371826 1552.61843349 502.332559168 890.906280144 2934.40317612 3770.09827458 2946.54305925 3681.02866058 3277.00747634 1655.73065442 3135.40364228  3839.7533775 2328.64467019 3691.81689687 1343.50139561 3765.13797888 1675.52409711 2113.82709794 972.748682857 553.166340263 2700.63862818 2683.12131668 474.658824842 1178.07172956 1851.22499983  3569.1232817 69.2314957227 3688.56462598 437.385413566 1413.01663118 1079.08201727  2593.8814545 1244.73973183 1007.24624596  2548.3690863 1107.07949127 2591.87750482 652.150289427 2964.12229842 887.028748125 1498.04038664 259.239271716 3515.59738878 1468.37393058 1342.82724131 2961.86242084 1499.52292413 1818.49003297 3221.86343596 2087.72627516 1506.11088569 1965.28369453 2799.73659475 1349.99851852 3583.50694153 3661.45244404 1971.11186897 905.806270678 1316.70573782 3869.00827086 1007.26262712 3145.42604427 1030.67405129 3156.84668617 3049.34697927 564.022162685 1957.62841214 242.167297544 3530.72570444  2768.4753927 1310.24654169 704.494854488 1319.48853727 3354.73590615 805.348371824 1738.26839124 1442.08321535 3734.71940044 2515.89049841 3166.41706034 2468.07495834 2701.29617036 2128.81422393 3879.30367463 670.546791805 253.140277317 3124.03905225 2373.91491002 3863.26752892 894.152112339
 396.852617479 2056.61299228 2622.80613085 822.125294587 2919.35215416             0 1812.30736907  533.67031021 1793.85423042 436.022935177 907.181349015 1891.77826396 2940.77829834 2758.11983061 1014.67679583 867.138973868 1012.35418703 781.952044565  473.70138273 1743.55527587 737.130246293 937.243298189 1110.78575792 843.282277769 1590.11351796 1238.99838579 1899.79893673 811.005548686 2458.47289999 2538.56100971 944.033897696 880.777497442 3029.28539428 2175.12528375 1879.61086398 876.621925348 2914.20143436  878.00911157  2499.1520562 1720.11772853 3071.17648467 764.294445878 2610.47773406 2050.53358909 1074.24112749 2484.16625853  574.18638089 2911.47883386 47.0744091838 2096.31223819 1513.77937626 2870.30730062 623.910249956 1745.02865306 2068.13200739 697.689042482 1722.47844689 1113.11499855 886.000564334 1428.74280401 1437.61364768 1555.52595607 157.257750206 1735.62236676 960.025520494 970.270580818 973.536337278  2014.4423546 1630.60632895 1007.92162394 3011.41046687 604.466707106 1922.57379572 802.886044218 374.232548023 3034.31211315 1361.37871292 2838.76733812 611.657583947 886.488014583 1616.26761398 2567.15951978 2078.01082769 560.972370086 2130.50252288  1830.2988827 1633.84362777 825.112113594 942.648396806 249.327094396 938.870065558 329.074459659 804.204575963 962.251526369 2811.48003728 2773.24232623 609.584284574 1002.96011885 1154.04549304 3024.69915859
 1446.76535762 1391.80638021   811.3211448 2538.42470836 1423.98911513 1812.30736907             0 1724.84028246 50.2493781056 1989.20536899 1511.09232014  216.11339616 1709.03627814 963.350922561 1545.00647248 2670.95563423 1557.71146237 2480.83151383 2259.77454628 242.200330305 1806.20403056 2740.22791023 942.251028124 2447.78532555 555.792227366  2931.3159161 345.684827552 1062.01506581 663.193033739 894.879880207 2040.94732906 1320.12310032 1756.40655886  366.89508037 508.992141393 2265.81287842 1453.67534202 2423.19829977 1005.72610586 1258.79188113 1261.29972647  1843.6941178 805.096267536 1165.01072956 1153.73480488 672.309452559 1332.88409098 1164.60508328 1859.25200013 1051.98146372 382.781922248 1263.39621655 2435.29751776  1362.0620397 264.151471698 2144.67246917 93.0483745156 800.235590311 1866.83073684 666.108099335 561.805126356 541.613330707 1662.56909631 1187.47168387 2685.57721915 2729.88662768 1130.68165281 740.945342114 895.317262204 2820.22481373 1205.23068331 1850.60260456  934.84758116 1814.36490266 2070.01642506 1810.52036719 560.016071198 1245.82904124  2382.8564791 2071.41811327 593.670784189 1508.62387625 269.683147416 2112.27460336 714.193951249 369.431996449 237.993697396        2624.0 1867.18183367 2031.08099297 1108.95310992 1719.10790819 1046.94078152 2744.01639937 1707.41969064  1196.3381629 2229.60198242 1009.75690144  2544.2313181 1231.34763572
  424.53739529 1619.84104158 2501.89767976 850.718519841 2605.81753007  533.67031021 1724.84028246             0 1693.38389032 969.692734839 1307.46854647 1858.84184373 2553.93363265 2600.32171087 1420.53546242  1210.8418559 1421.95112434 1257.13205353 691.034731399 1728.84383332   1228.327725 1276.91542398 1295.39067466 1350.98815687  1355.0590393 1216.00370065 1904.64274865 670.857660014  2312.6463197 2301.66722182 464.968816159 1210.88934259 2648.02152559  2059.7111448 1934.29702993 1410.09006805 2590.02895737 1397.24299962  2212.8861245 1288.82000295  2933.7833935 247.778126557 2524.46944921 1660.67576607 1347.31213904 2369.01034189 849.763496509 2706.76799892 553.176282933 1736.74897438 1365.05677538 2598.65888489 958.175349297 1293.20879985 1988.89165115 420.639988589 1646.53575728 930.406900232  1379.0783154 1539.01591935 1233.10542939 1630.71794005 554.048734319 1320.95912124 993.620148749 1061.07539789  651.46373652 1725.77924428 1289.12567269  1275.7311629 2865.05305361 1113.80070031 1577.34523805 1291.32877301 456.983588327 2641.09409147 1411.55942135 2563.42973377 1047.85161163 438.507696626 1365.77633601 2163.98336408 1992.99397892 1092.47700205 1862.13023175 1849.79620499 1506.36018269  1187.7651283  416.32919667  738.87482025  1175.9238921 206.305598567 696.603904669 1345.78601568 2402.83998635 2495.66604336 527.056922922 1199.80540089 1683.73661836  2857.2688008
 1424.05933865 1342.50512103  829.19056917 2511.70957716 1400.12142331 1793.85423042 50.2493781056 1693.38389032             0 1980.89197081 1518.62602375 266.270539114  1674.2072751 972.260253224 1555.99807198  2654.9103563 1568.60447532 2471.46919868 2237.65636325  281.31121556 1807.97345113 2724.37038598 950.853300988 2442.02948385 506.320056881 2902.39694046 394.832876037 1033.99274659 671.252560517 878.080292456 2002.80827839  1325.4735003 1723.48745281 381.283359196 555.713955196 2265.53591894 1427.87849623 2419.35631935 977.491687944 1208.59091507 1277.43571267 1807.63740833 832.325056694 1116.88182007 1165.08755036 690.973950305 1324.54709241 1163.59786868 1840.87289078 1005.68384694 341.697234405 1246.64549893 2417.44679362 1311.87575631  297.55839763 2112.59674335 99.7647232242 765.873357677 1872.34398549 687.608173308  517.34901179 569.526118804 1645.47895763 1137.22645062 2658.79860087  2704.7931529 1092.44038739 696.580935714 845.185186808 2801.49477958 1219.05947353 1848.36819925 886.275916405  1817.9452687 2045.10953252 1776.01492111 569.572646815  1227.7316482 2369.32479833 2034.61740875 543.737068812 1466.80639486 299.923323535 2105.54719729 675.883125991  415.40943658 195.489130133 2608.58218195  1827.8875786 2015.52102445 1112.76322729 1692.60656976 1020.76931772 2730.50563083 1668.26167012  1176.4777941 2201.18150092 1013.98422078 2546.21444501 1240.41605923
 749.106134002 2441.83148477 2793.51033648 1030.06892973 3218.19530172 436.022935177 1989.20536899 969.692734839 1980.89197081             0 721.261395057  2024.6552793 3286.98418007 2952.33619359 802.172674678 769.801273057 794.768519759 493.377137695 664.253716587 1871.21484603 420.386726717 829.607738633 1136.55488209 473.625379388 1874.70984422 1416.40425021  2003.3971149 1117.59473871 2651.64948664 2792.85516989 1366.02342586 795.616113462 3371.09982053  2355.7627215 1944.72645891 441.191568369 3220.13943797  478.48092961 2786.95120158 2107.21071561 3244.04269392 1197.60177021  2755.6679771 2409.84397835 1017.20892643 2654.48036346 656.409932893 3136.00781249 420.594816896 2437.38733073 1749.77141364 3141.82431081 617.287615298 2141.97595691 2226.89424985 1078.64451976 1896.26369474 1401.86197609 542.720001474  1481.2704007 1712.77932029 1626.01629758 465.465358539 2114.00780509 1136.89093584 1102.39058414 1340.55398996 2315.18854524 1973.39833789 969.928863371 3192.02647232 269.651627104 2259.18436609 480.585060109 712.198006175 3383.74851311 1469.70609307 3113.28315448 454.234520925 1301.62398564  1908.6898648 2927.25263686 2240.56443781 140.035709731 2415.41404318 1926.37119995 1848.41148016 713.084847686 1376.93935959 300.026665482 945.010581951 764.697325744 1095.56241264 791.770168673  3172.5585889 3050.33981714 933.773527147 1035.70507385 725.827114401 3220.43987679
 902.269361111 2358.83551779 2264.73000598 1695.41735275 2883.28371826 907.181349015 1511.09232014 1307.46854647 1518.62602375 721.261395057             0 1483.06608079 3056.08654982 2450.31120472 113.070774296 1487.71099344 115.260574352 1161.23425716 1323.96412338 1334.15179046 348.931225315 1544.61289649  569.01405958 1060.31740531 1592.27039161 2102.42550403 1427.01716878 1026.07796975 2158.99166279 2390.68400254 1771.00705815 201.853907567 3126.63461249 1859.02447536 1329.07975682 804.479956245 2899.67791315 1004.97263644 2446.65179378   2052.777874 2705.46428548 1553.66920546 2196.00091075 2252.60959778 370.005405366 2130.13614588 485.242207562 2672.88701594 931.180970596 2231.72690982 1391.60411037 2757.15251664 1334.04422715 2118.40340823 1706.96690067 1592.13692878 1421.52664414 1199.96541617  361.27136615 888.380549089 1431.61621952 1039.23289016 791.767642683 2031.86343045 1819.13853238 1800.88339434 1324.60597915 2027.11617822 1807.75357834 1690.79507925 2664.74783047 467.086715718 2054.65812241 328.694386931 1280.11249506 3158.01583277 951.156138602 2735.05575812 1173.36481965 1733.53771231 1638.25059133 2745.89621071 1725.00115942 781.219559407 2088.98372421 1346.00148588 1442.33872582 1430.23634411 1707.30430797 954.112152737 415.496089031  1127.8173611 982.153246698 1491.46438107 2984.60081083 2679.09033069 1516.31955735 509.734244484 1053.22979449 2712.87246291
 1546.99224303 1606.48809519 782.465973701  2649.1389167 1552.61843349 1891.77826396  216.11339616 1858.84184373 266.270539114  2024.6552793 1483.06608079             0 1876.00906181 969.149111334 1501.45596006 2735.85836622 1514.44379229 2518.00317712 2352.08715825 153.583853318 1800.00111111 2804.08737382  921.09174353 2469.69633761 767.606670112 3050.37309193 136.488094719 1188.35390352 685.810469445 1005.19898528 2201.48881442 1304.34504637  1916.3144314 395.409913887   312.1954516 2265.17306182 1589.21647361 2437.03200636 1154.61248911 1473.78424473 1227.82490608 1996.18360879 731.016415684 1376.80245497 1114.84214129 647.092729058 1375.18180616 1207.35910151 1938.07868777 1258.81372728 570.737242521 1366.93123455 2508.79114316 1576.91153842 229.923900454 2279.36943035 240.750908617 955.117793783 1843.94902316 598.819672356 756.128295992 452.092910805 1737.55143809 1403.00249465 2796.12052673 2833.12865927 1296.08718843 943.400763197 1109.87656971  2896.0761385 1183.26412943 1861.19773264 1147.96559182 1800.28469971  2174.9494247 1975.96583979  555.64467063 1354.70919389 2438.23706805 2226.23089548 807.372280921 1700.40259939 250.874470602 2140.16004074 899.552110775 185.970427757 435.784350339 2686.40149643 2033.10034184 2096.93228312  1104.0009058  1832.6879167 1166.27698254 2797.84863779 1889.64785079 1312.49380951 2348.60384058  1005.5605402 2532.47783801 1229.99349592
 2553.84514018 969.751514564 1532.65423367 3362.05130835 502.332559168 2940.77829834 1709.03627814 2553.93363265  1674.2072751 3286.98418007 3056.08654982 1876.00906181             0 1370.37221221  3122.3068395 3756.47614128  3133.5746361 3720.48518341 3243.39821792 1950.94079869 3267.83261505 3824.39380817 2531.76381205 3755.48691916 1464.17553592 3639.88928403 2008.75707839 2170.08041326 1397.14065147 956.621659801 2561.27800131 2854.35842178 100.662803458 1542.65388211 2186.90740545 3672.72446557 433.175484071 3765.05312048 733.484832836 1274.76193856 1580.21390957 2494.47088578  1701.2774612 894.910610061 2751.82793794 1541.71754871 2702.53307103 1150.51379827 2982.43608481 849.631684908 1674.83879821 755.007946978 3501.00799771 1296.44591094 1693.54923164 2863.71175225 1767.78646901 1900.22840732 3371.63966046 2342.80707699 1626.49316015 2240.20222301 2840.71980315 1234.18718191 3489.32085082 3578.13638644 1967.41658019  1033.0077444 1314.33024769 3829.44395441 1507.06071543 3254.74253974 1028.40896534 3298.39430633 3009.97956804 102.825094213 2186.83995756 730.033560872 3547.62032918 2637.90257591 1419.32378265  399.84622044 1670.75192653 3426.63698106 1002.72628369 2059.71964112 1660.76187336 3727.58433842 2386.25669198  3189.9945141 2644.31919405 2682.30367408 2195.08177524 3880.20270089  215.64090521 715.436929435 3047.17081897 2557.73532642 3971.84717732 1395.54505481
 2378.37024031 1661.98495781 221.298441025 3441.60965247 890.906280144 2758.11983061 963.350922561 2600.32171087 972.260253224 2952.33619359 2450.31120472 969.149111334 1370.37221221             0 2470.59507002 3622.68422582 2483.58007723 3443.48805719 3190.10720823 1116.19801111 2760.05688347 3692.40788646 1884.42564194 3410.87232244 1254.77089542 3816.03275667 1046.56055725 1972.45659014 301.041525375 482.374335967 2838.50541659 2267.40071447 1360.58112584 598.020902645 1192.55859395 3222.91312325 954.509821846 3385.05908368  740.64836461 1727.45188066 343.633525722 2672.00467814 379.348125078 1410.11524352 2083.27938597  329.95302696 2295.93662805 287.586508724 2805.19321973  1248.3597238 1250.96003134 633.514798564 3381.93923659  1819.1481523 743.347159812 3008.84113904 1056.38108654 1679.31533668 2810.48358828 1567.94929765 1367.23077789 1420.27391724 2612.65860763 1647.53937737 3587.55627134 3642.55789247 1958.18078838 1013.87622519 1450.67432596 3763.34651607 267.551864131 2811.12023934 1273.97998414 2763.83881585 2986.95580818 1446.32672657 1507.45514029 649.058548977 3340.39668303 2885.91649221 1254.78284974 1415.41124766 725.581146392 3075.61132135 863.020277861 1125.87965609  1124.4634276 3577.37515505  2652.8695784 2984.55105502 2061.38012021 2629.43815291 1967.07701934   3701.491186 1490.62034066 655.080147768 3122.90409715 1962.03007113 3495.99113271  268.16785788
 1014.75366469 2445.81315721 2279.52736329  1794.2745052 2934.40317612 1014.67679583 1545.00647248 1420.53546242 1555.99807198 802.172674678 113.070774296 1501.45596006  3122.3068395 2470.59507002             0 1560.85393295 13.0384048104  1219.4465958 1422.13923369 1355.95058907 402.226304461 1615.35754556 606.923388905 1105.60119392 1661.00270921 2198.40897014 1436.02263213 1125.43013999 2183.24941315 2432.38257682 1884.02149669 280.032141012 3190.69976651 1884.71032257 1326.21717679 830.831511198 2953.09888084 1042.70081999 2499.03981561 2144.22620075 2715.52352227 1666.73363199 2203.00363141 2332.03451947 391.281228786 2146.92268142 595.184845237 2700.78840341  1037.1022129 2305.31256015 1451.16125913 2800.16660219 1418.81676054 2212.25767034 1728.44814791 1702.57598949 1457.50368782 1285.22215978 370.472671057 902.765196494 1502.70422905 1051.70052772 902.703162728 2120.78523194 1915.41118301 1893.37053954 1425.29435556 2090.68051122 1889.44224574 1767.32141955 2677.84988377 538.164473001 2129.60677121 364.917798963 1386.39424407 3224.58757053 986.426378398 2779.34182856  1248.9075226 1846.28979307 1708.16860994  2819.8874091 1747.39692114 848.066624741 2146.05591726 1354.88929437 1492.38131856 1502.96939423 1820.12224864 1049.48797039 478.873678542 1240.45193377 1080.59983343  1555.1170374 3056.80437712 2724.89449337 1622.85242706 565.099991152 1057.65117123 2730.56367807
 1259.35618472 2830.61495085 3482.27655421 624.771958398 3770.09827458 867.138973868 2670.95563423  1210.8418559  2654.9103563 769.801273057 1487.71099344 2735.85836622 3756.47614128 3622.68422582 1560.85393295             0 1552.21680187 399.405808671 523.321125123 2584.53187251 1162.01075727 70.1783442381 1885.91012511 578.070064958 2452.43899007 839.802953079 2730.45673835 1674.98776115 3322.44142161 3403.92391219 1387.54819736 1562.86819662 3848.76603602 3035.95125126 2688.48451734 876.620784604  3761.2763791  674.11126678 3356.25043762 2498.68705524 3931.96960822 1333.68811946 3462.08029947 2861.57194563 1783.54366361 3343.22538875 1367.09034083 3778.61575183 820.288973472 2924.84956878 2380.73980099 3731.49862656 255.691220029 2503.86601079 2922.54751886 1020.65469185 2579.86705084 1977.58362655  1247.6157261  2226.0709782  2302.5700858 2365.28920008 1010.03168267 2527.81031725 630.892225344  534.19565704 1802.51518718 2868.85412665 2464.07568877 214.848784032 3873.84369845 1023.13733194 2756.81265232  1211.1366562 755.790976395 3845.84191043 2189.99406392 3699.18504538 315.627945531 1301.41038877 2476.30712958 3370.58006877 2933.64841111 714.582395529 2990.08846023 2656.63320765 2499.22888108  58.137767415 1495.19898341 640.101554443 1696.62164315 1075.37528333 1670.48046981 160.704698127 3611.10094016 3633.05505051 804.555156593 1780.89893032 950.962144357 3889.77441505
 1017.52886937 2455.09592481 2292.55337997 1789.48959203 2946.54305925 1012.35418703 1557.71146237 1421.95112434 1568.60447532 794.768519759 115.260574352 1514.44379229  3133.5746361 2483.58007723 13.0384048104 1552.21680187             0 1209.44615424 1417.27132194 1368.89152236 392.621955576 1606.45012372 619.317366138 1094.65793744 1672.00478468 2192.99338804 1449.06073027 1132.68574636 2196.17940979 2444.88956806 1885.12837759 289.178145786  3202.1175806 1897.61033935 1339.19752091 818.912083193 2965.12815912 1031.30257442 2511.10533431 2152.89665335 2728.56189228 1668.37555724 2216.03813144 2342.15392321  404.01113846  2159.9354157  599.47059978 2713.66615485 1034.26157233 2315.97236598 1462.76211326 2812.63737442 1411.66745376 2220.57334939 1741.40661535 1701.36562796 1470.14455072  1294.6018693 358.240142921 915.764707772 1513.50256029 1064.72155985  901.88524769 2129.80092966 1910.08115011 1887.34575529 1432.33026918 2102.08586885 1899.29723845 1759.03638393 2690.88424129 529.917918172 2140.13667788 354.153921339 1383.58266829 3235.83327753 999.032031519 2791.76521219 1240.62081234 1846.84920879 1719.08405845   2830.535815 1760.34371644 839.030988701 2157.86051449 1367.92726415 1504.49459953 1494.29883223 1822.46234529 1044.17670918 489.802000813 1240.89040612 1088.01562489 1545.51771261 3067.61226363 2737.25775184 1620.08641745 576.642003326  1044.8885108   2743.574311
 1167.46948568 2836.89125629 3286.38479183 928.903116584 3681.02866058 781.952044565 2480.83151383 1257.13205353 2471.46919868 493.377137695 1161.23425716 2518.00317712 3720.48518341 3443.48805719  1219.4465958 399.405808671 1209.44615424             0 671.096118302 2364.54477648 817.664968065 431.613252809 1624.76644475 181.339460681  2340.5383996 1218.24956392 2495.53621492  1567.8434233 3142.60847068 3271.96347779 1548.56611096 1269.53849883 3808.04739992 2847.60127125 2432.79304504 478.979122718 3679.44194138  276.84833393 3254.08819794 2500.42316419 3737.00655606  1438.2770943 3249.01908274 2831.83067997 1490.72499141  3147.2967766  1148.1572192 3622.83977013 742.846552122 2873.96172556 2230.72835639 3615.92215071 433.129310945 2521.96629636 2719.95827174 1198.40936245 2387.99015911 1863.09044332  879.93181554 1970.05710577 2181.47885619 2116.20981946 883.240057968 2517.28822347  977.88036078 899.067294478 1754.43267183 2775.39636809 2407.88745584 612.082510778 3684.53117778 697.252465037 2698.60056325 857.324326028 853.796814236 3814.69854641 1962.93581148 3586.24887591 229.651910508 1468.69874379 2371.35615208  3348.7766423 2733.47873597 386.803567719 2882.94051274 2418.08291835 2334.45325505 346.174811331 1615.10525973 535.093449782 1433.19572983 1076.74555955 1552.28412348 341.919581188 3593.23711992 3522.24076406  996.83499136 1525.90563273 572.552181028 3711.64761258
 813.705720762 2310.21600722 3065.97537498  372.33989848 3277.00747634  473.70138273 2259.77454628 691.034731399 2237.65636325 664.253716587 1323.96412338 2352.08715825 3243.39821792 3190.10720823 1422.13923369 523.321125123 1417.27132194 671.096118302             0 2206.18086294   1074.810681 587.554252814 1583.62242975 819.498627211 1981.89252988 780.185875289 2366.34591723 1218.76043585 2893.12184327 2937.19543102 889.139471624 1331.91366087 3336.84956209 2617.57540484 2351.39533044 1007.92509642 3264.86155909 896.420102407  2871.8161501 1979.83080085 3511.01637706 813.260720802 3062.93078603 2349.15325171 1535.82192978 2928.37378079 1046.20695849 3326.13800075 431.802037976 2419.19862765 1939.26300434 3252.62186551 279.873185568 1982.39955609 2519.55492101 530.083955615 2172.07849766  1517.5836056 1205.72384898 1902.22843003 1840.55861086 2027.75984771 630.600507453 2011.50938352 497.111657477 497.115680702 1306.07503613 2382.97314295 1963.39501884 592.000844594 3448.18792991  923.64332943 2254.93436712 1138.32025371 234.079046478 3331.30079699   1830.411156 3218.94346021 441.490656753 806.112895319 2001.03173388 2854.63220048 2528.06724594         711.0 2510.96555134 2298.44403891 2067.94438997 506.743524872 979.614720183 375.586208479 1408.78671203 576.944538062  1223.0584614 667.470598603 3093.82303954 3151.93686485 325.861933954 1475.71338681 1209.68508299 3454.29384969
 1404.84340764 1603.24171602 934.013383202 2508.21151421 1655.73065442 1743.55527587 242.200330305 1728.84383332  281.31121556 1871.21484603 1334.15179046 153.583853318 1950.94079869 1116.19801111 1355.95058907 2584.53187251 1368.89152236 2364.54477648 2206.18086294             0 1648.17474802 2652.60061072 769.796076893 2316.19083842 730.002739721 2911.95947774 180.568546541 1058.18571149 827.374159616 1116.93553977 2085.81518836 1153.17301391 1997.45463027 530.080182614 293.015357959 2113.00851868 1688.04176489 2283.82420514 1243.55699508 1440.40133296 1380.62666931 1875.85313924 884.509468576 1386.55003516 967.337066384 797.564417461 1222.43731946  1346.4650014 1789.66058235 1282.07644078 501.881460108 1483.33846441 2358.85586673 1542.05382526 372.930288392 2148.62583993 203.747392621 844.077010705 1694.54890753 455.926529169 686.721195246 315.835400169 1588.67775209 1374.05240075 2654.98060257 2689.69329106 1188.44520278 976.565921994 1077.00417826 2746.31626001 1335.00337078  1708.0120023 1154.24997293 1649.45718344 2032.80717236 2052.30723821 402.060940655 1468.41581304 2285.95450523 2106.69883942 775.341215208 1748.05291682 391.492017799 1986.57720716 956.059621572 155.425223178 390.128184063 2534.78302819 1921.81502752 1946.11330605  951.32854472 1694.17265944 1033.15536102 2645.30470835 1949.04720312 1422.26439174 2211.03052896 852.678133882 2381.77244925 1379.05764927
 885.112987138 2501.84252102 2582.16285311 1444.92110511 3135.40364228 737.130246293 1806.20403056   1228.327725 1807.97345113 420.386726717 348.931225315 1800.00111111 3267.83261505 2760.05688347 402.226304461 1162.01075727 392.621955576 817.664968065   1074.810681 1648.17474802             0 1215.02016444 879.068825519 711.418301704 1810.47838982 1836.15794528 1754.45860595 1138.56620361 2464.29300206 2665.35269711 1671.49783129 496.789693935  3344.2920028 2163.84680604 1666.84912335  465.96673701 3146.30147952 657.167406374 2698.19235786 2179.05759447  3027.3054025 1473.91485507 2522.35227516 2426.89781408 705.087937778 2445.59624632 571.357156252 2970.66322561 745.067111071 2426.50200907 1637.74387497 3027.40895817 1034.56705921 2231.70472957 2018.50761703 1432.21820963 1714.30481537 1372.41466037 150.864177325 1215.63028919 1645.99453219 1366.43477707 674.442732928 2170.25436297 1555.77183417 1522.77706839 1415.72949394 2253.98158821 1979.45093397 1370.75052435 2983.12218992 151.713545869 2246.86203404 66.0075753228 1083.66092483  3368.2085743 1252.62165078 3002.80485546 852.997069163 1619.41347407 1852.19923334 2935.02861996  2035.2184158 447.599151027 2332.04845576 1674.05525596 1708.90608285 1103.95878546 1644.18885777 700.157839348 698.720258759 1027.18888234 1102.43457856 1152.91153173 3178.14301126 2943.92730889 1316.80218712 798.110268071 738.241153012 3025.33436169
 1329.53112036 2896.74748641 3551.54121474 660.866854972  3839.7533775 937.243298189 2740.22791023 1276.91542398 2724.37038598 829.607738633 1544.61289649 2804.08737382 3824.39380817 3692.40788646 1615.35754556 70.1783442381 1606.45012372 431.613252809 587.554252814 2652.60061072 1215.02016444             0 1950.85417189 604.822287949 2522.57051438 842.326540007 2797.79359496  1745.1615971 3392.11467967 3474.10031519 1442.50649912 1624.27891694 3916.86417942 3105.36068759 2754.44077809 910.532261922 3830.76558928 700.257809667 3426.18913664 2565.29959264 4001.32478062 1394.92974733 3530.71734921 2929.52026789  1845.3598565 3412.46553096 1434.12726074 3848.70913424 890.409456374 2993.60150989 2450.77885579 3801.57296392 324.581268714 2569.52135621  2991.4693714 1075.60262179 2649.05813451 2047.75779818 1295.64269766 2291.72358717  2372.7460884 2431.53819629 1079.75413868 2595.04335224 652.334270141  549.18120871 1871.73609251 2938.71893859 2533.17271421 186.131673823 3943.35136654  1078.6867015 2825.86287707 1262.40128327 820.953713677 3913.51823811 2257.49174971 3769.23400706 376.969494787 1355.97713845 2546.38017586 3437.95942384 3002.66015393 767.523940995 3060.12810189 2723.72263639 2569.07181682 118.595952713 1554.38251406 709.186153277 1761.14167516 1144.00917828 1740.64930414 133.645052284 3678.20132674 3703.08439007 859.624336556 1846.20313075 963.967841787 3959.54669123
 882.220493981 1921.43331917 1703.46969448 1928.37470425 2328.64467019 1110.78575792 942.251028124 1295.39067466 950.853300988 1136.55488209  569.01405958  921.09174353 2531.76381205 1884.42564194 606.923388905 1885.91012511 619.317366138 1624.76644475 1583.62242975 769.796076893 879.068825519 1950.85417189             0 1560.37495494 1083.28851189 2345.12473016 878.428710824 749.096122003 1591.31957821 1825.86773891 1739.56919954 383.377098951 2596.65111249  1291.0356308 808.282128962  1344.6252266 2348.48738553 1521.93462409 1894.11826452 1647.98361642 2148.23834804 1510.63463485 1644.31171011  1778.3467041 220.809872968 1567.34839777 537.629054274  2104.0289922 1151.82333715 1733.89561393 856.976662459 2193.43406557 1683.07961784 1729.36982742 1141.47492307 1676.77219681  853.15004542 785.493475466 926.884027266 345.324485086 934.137034915 493.041580397 955.586207519 1610.97548088 2069.13411842  2080.6864252  1029.8912564 1498.80519081 1350.29626379 2066.95742578 2104.34312791 947.274511427 1563.50407739 879.720978493 1458.52836791 2634.44054782 382.236837576 2172.45690406 1575.31266738 1729.43979369 1132.85656638 2246.66530663 1158.85805861 1239.89717316 1545.28702835 798.912385684 887.392810428 1832.30483272 1621.66981843  1266.8152983 191.635069859  1180.8577391 702.284842496 1926.24012003  2478.3286707 2117.98064203 1674.13320856 107.935165725  1612.0428034 2148.45479357
 1206.06674774 2894.55557901  3245.7197969  1101.3105829 3691.81689687 843.282277769 2447.78532555 1350.98815687 2442.02948385 473.625379388 1060.31740531 2469.69633761 3755.48691916 3410.87232244 1105.60119392 578.070064958 1094.65793744 181.339460681 819.498627211 2316.19083842 711.418301704 604.822287949 1560.37495494             0 2348.33472912 1399.29696634 2437.87632992 1588.45994599 3110.97798128 3263.86228263 1676.66484427 1190.53097398 3840.61258135 2813.07394144 2363.64168181 313.402297375 3693.62762065 96.0468635615 3260.49474773 2558.45265737 3695.14411086 1549.19366123 3199.37947108 2873.87073474 1408.01598002 3107.22979517 1120.20757005 3601.44471011 810.630001912 2906.27252679 2220.68300304  3614.3338252 603.679550755 2586.74505895 2678.62744703 1337.21539028  2354.7392637 1875.11332991 748.953937168 1904.52645033 2186.36181818 2053.37673114 917.989651358 2569.92606898 1156.21537786 1079.50451597 1799.09366071 2788.63281914 2441.19683762   788.3787161 3645.78907783 613.942179688 2728.72955787 740.770544771 979.400326731 3851.53021538 1914.37117613 3586.04866113 386.264158317  1599.8799955 2382.22291148 3391.59151432 2693.36109722 338.917394065 2888.96971254 2358.90419475 2315.87996235 526.274643128 1728.53145763 612.412442721 1370.60643512 1159.03623757 1567.82971014 500.992015904 3636.76848315 3523.31775462 1144.02272705 1466.89604267 397.336129744 3678.58940356
 1194.02051909 893.071105792 1183.94298849 2203.68622993 1343.50139561 1590.11351796 555.792227366  1355.0590393 506.320056881 1874.70984422 1592.27039161 767.606670112 1464.17553592 1254.77089542 1661.00270921 2452.43899007 1672.00478468  2340.5383996 1981.89252988 730.002739721 1810.47838982 2522.57051438 1083.28851189 2348.33472912             0 2567.27481973 885.131063741 779.164295897 980.206100777 955.303616658  1587.5607075 1390.69191412 1536.69678206 774.496610709 1023.00048876 2231.70271318 1346.73865319 2345.56283224 913.591812573 710.720760918 1594.48110682 1417.23568964  1242.4109626  708.46665412 1299.87114746 1062.26220868 1254.13117336 1352.17750314 1636.02475531 650.759556211 254.230210636 1280.20662395 2201.32800827 812.862842059 771.114129037 1757.07854122 535.728476003 478.282343391 1909.41247508 963.755674432 164.711869639  909.47897172 1462.84551474 644.152155938 2347.92887456 2410.16887375 706.208184603 444.527839398 347.001440919 2569.43748708 1521.87318788 1809.02542823 483.802645714 1838.04923764 1765.36143608 1565.91730305 780.861703505 1248.88470244 2198.36757618 1632.33942549 51.4781507049 1163.51751169 764.231640277 2011.27148839 542.440780178 884.299157525 340.211698799 2413.33151473 1403.69832941 1833.70253858 1182.21233287 1407.61109686 789.517574219 2552.32932828 1397.05583281 1183.73138845 1881.41436159 1098.59728745 2528.21518072 1505.96148689
 1510.63860668  2670.9706101  3716.8310427 417.062345459 3765.13797888 1238.99838579  2931.3159161 1216.00370065 2902.39694046 1416.40425021 2102.42550403 3050.37309193 3639.88928403 3816.03275667 2198.40897014 839.802953079 2192.99338804 1218.24956392 780.185875289 2911.95947774 1836.15794528 842.326540007 2345.12473016 1399.29696634 2567.27481973             0 3081.16877175 1869.36700517 3528.61332537 3504.56687766 1078.63478527 2110.95523401 3738.77640412 3273.02077598 3085.29577188 1670.49124511 3741.29456205 1493.82763397 3395.85188134 2373.48688642 4149.78192198 1173.26936379 3734.70172838 2775.70405483 2311.68445078   3583.142336 1811.78392751 3915.97395293 1201.81570967 2879.38118352 2579.08840484 3784.33309845 825.109083697 2343.63009027  3195.2923184 812.502923072 2849.47802238 2144.39035626 1956.17688362 2649.72545748 2448.94630403 2765.92480013 1390.95398917 2425.98103867 283.340784216 323.199628713 1861.09913761 2915.95490363 2463.05704359 669.164404313 4080.99130114  1684.5952036 2737.58671096 1896.98840271 890.020786274 3715.81875231 2558.12919924 3747.58068626 1043.34845569 1002.88384173 2574.95048496 3240.18595145 3200.72648004 1427.26626808 3058.68370382 3018.80721478 2718.65922837 882.163816986 1255.82681927 1148.95474236 2177.36951389 1217.86904058 1886.55930201 975.553688938  3462.0521371 3679.43582632 702.159526034 2237.86505402 1786.11197857 4071.99459725
 1571.55973479 1737.33733051  846.13237735 2675.05551344 1675.52409711 1899.79893673 345.684827552 1904.64274865 394.832876037  2003.3971149 1427.01716878 136.488094719 2008.75707839 1046.56055725 1436.02263213 2730.45673835 1449.06073027 2495.53621492 2366.34591723 180.568546541 1754.45860595 2797.79359496 878.428710824 2437.87632992 885.131063741 3081.16877175             0 1234.68943464 778.052054814 1124.93555371 2265.78463231 1257.74599979 2047.41642076 503.843229586 178.216160883 2220.41662757 1714.15810239 2400.36330584 1284.37416667   1594.809393 1279.63002466 2055.00608272 769.016254705 1510.20131108 1057.01182586 717.680987626 1363.84529915  1299.0246341 1945.37914042 1394.10795852 671.252560517 1482.08636725  2509.8215076 1697.46310711 335.407215188 2323.76289668 349.594050293 1024.64481651  1788.1233179 539.334775441 857.422299687 388.289840197 1743.70238286  1525.6569077 2821.48914582  2853.2831966 1369.00146092 1079.37852489 1230.48811453 2897.42678941 1242.33369108  1825.4840454 1280.43508231 1749.99485714 2198.62366038 2108.30595503 540.773520062  1471.8056937 2427.70035219 2285.96259812  927.37101529 1836.78196855 358.453623221  2113.5207593 1035.77265845 81.1541742611 546.795208465  2679.5242115 2102.25640682 2094.77826989 1067.27925118 1864.20009656 1208.19576228 2785.06373356 2025.08468959 1432.24753447 2381.40567733 971.393329193 2480.04536249 1299.72035454
 415.636860733 1363.36532155 1855.77638739 1478.04871368 2113.82709794 811.005548686 1062.01506581 670.857660014 1033.99274659 1117.59473871 1026.07796975 1188.35390352 2170.08041326 1972.45659014 1125.43013999 1674.98776115 1132.68574636  1567.8434233 1218.76043585 1058.18571149 1138.56620361  1745.1615971 749.096122003 1588.45994599 779.164295897 1869.36700517 1234.68943464             0  1676.9666067 1728.96327318 1049.91523467 851.115150846   2253.624636 1408.70720876 1272.53015681 1508.47207465 2111.60981244 1595.18337504 1689.89260014 1041.67413331 2296.85894212 829.402194354 1866.15326273 1300.96348911 885.268320906 1719.86627387 571.349280213 2109.25982278 857.028587621 1320.48210893 721.671670498 2059.36932093 1425.59812009 1099.13829885 1325.93363333 1091.14618636  980.39685842 302.597091856 1265.10118172 911.412091208 627.615328047 981.900707811 685.930025586 1031.72137712 1625.06399874 1673.48648038 300.847137264 1208.02152299 858.517908957 1799.19982214 2232.25827359 1099.24428586  1141.8581348 1181.68185228 1015.33245787 2267.42232502 760.485371325 2027.97879673 1419.60734008 1060.06273399 806.310734147 1816.15032417 1331.54233879 1256.95664205 1320.24732531  1181.7901675 854.784768231 1634.95932671 905.284485673 1054.88293189 709.662595886 659.696900099 47.6759897642 1773.17624618 2061.20983891 1962.63114212 1167.58768407 683.696570124 1808.17947118  2235.8982535
