             0 1692.82987923 2252.27085405  1103.6095324 2522.81449972 396.852617479 1446.76535762  424.53739529 1424.05933865 749.106134002 902.269361111 1546.99224303 2553.84514018 2378.37024031 1014.75366469 1259.35618472 1017.52886937 1167.46948568 813.705720762 1404.84340764 885.112987138 1329.53112036 882.220493981 1206.06674774 1194.02051909 1510.63860668 1571.55973479 415.636860733 2080.50402547 2144.57454988 886.713031369 790.225917064 2640.85175654 1803.86972922 1576.11833312 1172.71053547 2518.19498848 1224.82651833 2102.31420107 1358.10640231 2697.59911773 661.460505246 2250.85983571 1668.39443778 923.017876317 2114.68626515   429.1969245 2522.63294992 442.289497954 1706.57229557 1128.68950558 2474.05173754 1010.45138428 1394.17968713 1707.54619264 795.342693435 1359.81763483 718.229072093 1030.89718207 1152.28902624 1043.21857729 1259.65908086 288.086792478 1365.66211048  1250.2339781 1286.43888312 593.188840084 1617.69280149  1240.5035268 1386.55905031 2635.28309675 801.538520596 1531.15969121 941.981953118 628.046176646 2648.72384367 1048.42930138 2442.32757836 1007.91120641 862.974507155 1219.59214494 2186.07227694 1715.55151482 888.473972607 1733.84111152 1508.30036796  1254.9282848  1219.4465958 806.489925542 643.770145316 752.973439107 302.552474787 412.975786215 1358.84804154 2431.13471449 2376.68361378 814.877291376 782.652541042  1468.2523625 2643.49408927 2097.02384345 1513.39684155 2662.81129636 1370.17261686 473.193406547 846.179649956 2055.40774544 824.357325436 719.401139838 1016.73644569 1508.79190083  2057.1825393 532.673445931 1548.94092851  1989.0299143 1951.44279957 1502.13980708 1370.01313862 1018.41543586 1974.38851293 2125.85700366 709.086736584 2146.98975312 1471.17979867  1146.9167363 2327.23290626 1113.91292299 2413.26003572 1546.10769353 77.5241897733 419.686787974 2139.15146729 729.451848993 1000.24646963  1676.6066921 2409.46404829 1098.69240463  936.65361794 648.531417897 1494.51865161 1007.18220794 426.438741204 878.052959678 1521.66520628 1277.04737579 2649.99660377 2271.41915991 533.175393281 1724.96985481 1382.16713895
 1692.82987923             0 1708.46978317 2402.81605621 1185.95952713 2056.61299228 1391.80638021 1619.84104158 1342.50512103 2441.83148477 2358.83551779 1606.48809519 969.751514564 1661.98495781 2445.81315721 2830.61495085 2455.09592481 2836.89125629 2310.21600722 1603.24171602 2501.84252102 2896.74748641 1921.43331917 2894.55557901 893.071105792  2670.9706101 1737.33733051 1363.36532155 1500.96635539 1190.74472495  1592.3846897 2165.91781931 1069.31800696 1451.47958994 1893.08055824 2857.56907178 1143.12422772 2917.25710214 961.137867322 336.505572019  1984.4540811 1536.06022017 1834.54544779 256.563832213 2124.21397227 1636.49778491 1932.61713746 1595.60646777 2094.27338235 416.124981226 1146.96338215 1302.29220991 2577.25144291 331.303486248 1529.07978863 1902.78979396 1400.38887456 1160.70065047 2626.07387558 1851.15666544 1006.10635621 1802.54264859 1979.19806993 331.716746638 2526.65826736  2618.4869677 1102.74294375  710.53852816 573.266081327 2887.44264012 1901.81439683 2458.64698564 462.243442355 2543.90664137 2076.21217606 1045.01722474 1663.85966956 1262.33315729   2647.112389 1670.00479041 842.630405338  569.94122504 1513.22503284 2581.30064115 832.313642805 1752.07220171  1218.5007181  2806.4335018 1419.50871783 2301.79864454  1978.3210053 1769.46912943  1399.7464056 2963.13297035 793.771377665 1200.94129748 2093.03607231 1911.41099714 3155.99366286  1830.8052873  1059.8348928 3205.86103879  1147.8959012 3062.97175958 1221.28334141 2489.06187147 1150.12521057 941.883219938 2045.66004018   1671.002693 3201.36627083 1332.53780434 2201.84013952 281.113855937 1852.77116774 446.587057582 1362.23529539 2475.52923635 2107.59317706  1856.9299933  1170.7079055 1574.32684027 1814.10694282 2631.63922299 1129.95619384 681.223898583 2743.06343346 2027.66096772 2800.60064986 1626.10485517 1616.60446616 1447.50267703 1230.06056761 2585.21411106 1160.20558523 1843.65072614 2727.53698417 1066.00422138 1802.10599022 1118.00044723 2596.40231859 1266.84845187 1975.89473404 209.747467208 1213.76315647 1104.94026988 876.101592283 1187.94149688 1629.41952854 1770.47592472
 2252.27085405 1708.46978317             0 3332.92334145 1073.73600107 2622.80613085   811.3211448 2501.89767976  829.19056917 2793.51033648 2264.73000598 782.465973701 1532.65423367 221.298441025 2279.52736329 3482.27655421 2292.55337997 3286.38479183 3065.97537498 934.013383202 2582.16285311 3551.54121474 1703.46969448  3245.7197969 1183.94298849  3716.8310427  846.13237735 1855.77638739 214.021027004 592.084453435 2769.94873599 2086.77861787 1532.92204629 448.412756286 983.246154328  3047.0001641 1133.38166564 3215.88370436 850.565106268 1730.96764846 450.787089434 2591.88155594 171.026313765 1452.25066707 1895.67982529 139.262342361 2138.57382384 507.055223817 2669.80149075 1292.65347251 1137.94903225 823.310391043 3246.17806043 1827.94337987  567.12079842 2916.61756149 902.656080686 1572.47225731 2625.83796149 1377.63057457 1275.46736532 1227.89291064  2473.6988499 1650.52870317 3479.70185504  3529.2011844 1872.40620593 1020.78499205  1423.7812332 3630.57708911   401.0049875 2640.37648831 1287.39193721 2582.74776159 2870.33830759 1615.06965794 1333.01462858 832.663197217 3193.36076885 2811.80813712  1192.8206068 1530.88863083 552.952981726 2913.17181093 880.570837582 926.741603685        1001.0 3435.26214429   2587.069771 2842.38280321 1885.10609781 2515.46297925 1845.79874309 3554.43385084 1633.18216988 826.460525373  3018.3765504 1786.23542681 3314.91553437  454.27854891 722.753761664 3419.54412166 1419.29841823 3312.22961161 1945.11182198 3041.82313753 588.463252888 1603.74592751  1997.1564786 1368.31611845 3457.02834816 379.120033762 2497.49974975 1465.94474657 482.116168574 1375.38830881 751.129815678 3549.18863968 3161.16845486 503.605003947 604.052977809 2651.27441054 253.931093015  3675.6683746 1123.85497285  1630.0886479 2776.77546806 330.193882439 3779.77949092 2238.45527094 1875.29864288 270.283184827 2356.40573756 3228.43383082 644.516873325 161.446585594 3288.28055372 2340.09999786 2767.35415153 803.598158286 2595.18708381 2012.22314866 3007.21748465 1581.01012014 979.809165093 1477.27113287  1152.6113829   2078.480214  596.35979073  1075.3724936
  1103.6095324 2402.81605621 3332.92334145             0 3447.02552935 822.125294587 2538.42470836 850.718519841 2511.70957716 1030.06892973 1695.41735275  2649.1389167 3362.05130835 3441.60965247  1794.2745052 624.771958398 1789.48959203 928.903116584  372.33989848 2508.21151421 1444.92110511 660.866854972 1928.37470425  1101.3105829 2203.68622993 417.062345459 2675.05551344 1478.04871368  3149.9563489 3152.29979539 844.351822406 1696.56270146 3458.91601517 2886.52386098 2674.07572817 1336.01347299 3428.18027531 1189.67306433  3060.9888925 2087.30184688   3771.111905 867.681969387  3343.3689596 2479.00181525 1895.49782379 3197.56157095 1394.72291155 3555.86065531  785.49474855 2568.81782149 2195.77457859 3447.68473037 497.636413459 2071.58031464 2801.62238712 500.371861719 2454.43802122 1763.01134426 1572.77875113  2235.1527912 2076.10813784 2353.39435709 973.903485978 2131.24024924  147.17676447  216.11339616 1502.06824079 2575.05728092 2132.52924951 554.476329522 3704.46176927 1293.38702638 2416.40476742 1507.78247768 477.200167645 3443.82345657 2147.80492597 3412.10345681 718.357153511 758.021767497 2215.77367978 2965.15800591 2808.10558918 1061.23324486 2712.55175066 2611.05649115 2332.15458321 644.049687524  992.36283687 747.466387204 1760.31616478 819.319229605 1491.48416016  784.62347658 3196.27439373 3344.20468871 324.229856737 1821.03075207 1498.55163408 3701.24641168 3081.98393896 1445.11591231 3515.00355619 1323.58792681 1406.77005939 693.744909891   3067.123245 1782.15178927 1684.18526297 2115.02364053 1383.30943754 3103.47192673 1163.19774759  2366.3727517 3091.44270528 2775.01801796 2589.21184919 335.431065944 340.587727319  3077.1239819 3131.98243929 828.696566905 3243.03946939 381.072171642 2210.96359084 3083.95022658 1542.00518806 3510.91241702 446.856800329 1102.21957885  1519.2580426 3195.46882319 1173.79810871 543.202540495  2727.5718139 3492.49151753 715.967178019 1346.73902446 611.121100928  2548.7377268 1570.78642724 1338.48421731 434.231505075 2296.56635001 2353.16977713 3484.82883367 3161.65415566  1316.3715281 2824.67360946  2482.0032232
 2522.81449972 1185.95952713 1073.73600107 3447.02552935             0 2919.35215416 1423.98911513 2605.81753007 1400.12142331 3218.19530172 2883.28371826 1552.61843349 502.332559168 890.906280144 2934.40317612 3770.09827458 2946.54305925 3681.02866058 3277.00747634 1655.73065442 3135.40364228  3839.7533775 2328.64467019 3691.81689687 1343.50139561 3765.13797888 1675.52409711 2113.82709794 972.748682857 553.166340263 2700.63862818 2683.12131668 474.658824842 1178.07172956 1851.22499983  3569.1232817 69.2314957227 3688.56462598 437.385413566 1413.01663118 1079.08201727  2593.8814545 1244.73973183 1007.24624596  2548.3690863 1107.07949127 2591.87750482 652.150289427 2964.12229842 887.028748125 1498.04038664 259.239271716 3515.59738878 1468.37393058 1342.82724131 2961.86242084 1499.52292413 1818.49003297 3221.86343596 2087.72627516 1506.11088569 1965.28369453 2799.73659475 1349.99851852 3583.50694153 3661.45244404 1971.11186897 905.806270678 1316.70573782 3869.00827086 1007.26262712 3145.42604427 1030.67405129 3156.84668617 3049.34697927 564.022162685 1957.62841214 242.167297544 3530.72570444  2768.4753927 1310.24654169 704.494854488 1319.48853727 3354.73590615 805.348371824 1738.26839124 1442.08321535 3734.71940044 2515.89049841 3166.41706034 2468.07495834 2701.29617036 2128.81422393 3879.30367463 670.546791805 253.140277317 3124.03905225 2373.91491002 3863.26752892 894.152112339 499.009017955 3943.80083169 347.311099736 3814.34869932 2083.07777099 3368.96853651 622.774437497 1704.93518938 2569.24599834 1984.45206543  3960.9728603 803.204208156 2933.42802877 1103.77760441 1488.24762724 739.797269527 1353.24979217 3574.89090743 3189.67224022  1505.3268748 556.594107047 2643.04842937 1306.99808722 3724.32879859 1474.53755463 721.765890023 3364.23200746  1375.6776512 3873.98296331 2477.57885848 2268.44660506 849.143097481 2297.42660383 3512.04669673 1034.24223468 1118.49362984 3621.23984293 2182.55927755  2836.3825553 1174.65952514 3189.91927798 2147.49272409 3044.84153939 1197.87895883 1421.35182133 411.428000992 309.958061679 2136.68083719 1436.71430702  1847.6918033
 396.852617479 2056.61299228 2622.80613085 822.125294587 2919.35215416             0 1812.30736907  533.67031021 1793.85423042 436.022935177 907.181349015 1891.77826396 2940.77829834 2758.11983061 1014.67679583 867.138973868 1012.35418703 781.952044565  473.70138273 1743.55527587 737.130246293 937.243298189 1110.78575792 843.282277769 1590.11351796 1238.99838579 1899.79893673 811.005548686 2458.47289999 2538.56100971 944.033897696 880.777497442 3029.28539428 2175.12528375 1879.61086398 876.621925348 2914.20143436  878.00911157  2499.1520562 1720.11772853 3071.17648467 764.294445878 2610.47773406 2050.53358909 1074.24112749 2484.16625853  574.18638089 2911.47883386 47.0744091838 2096.31223819 1513.77937626 2870.30730062 623.910249956 1745.02865306 2068.13200739 697.689042482 1722.47844689 1113.11499855 886.000564334 1428.74280401 1437.61364768 1555.52595607 157.257750206 1735.62236676 960.025520494 970.270580818 973.536337278  2014.4423546 1630.60632895 1007.92162394 3011.41046687 604.466707106 1922.57379572 802.886044218 374.232548023 3034.31211315 1361.37871292 2838.76733812 611.657583947 886.488014583 1616.26761398 2567.15951978 2078.01082769 560.972370086 2130.50252288  1830.2988827 1633.84362777 825.112113594 942.648396806 249.327094396 938.870065558 329.074459659 804.204575963 962.251526369 2811.48003728 2773.24232623 609.584284574 1002.96011885 1154.04549304 3024.69915859 2493.05134323 1177.17373399 3054.93698789 1030.86614068 854.112404781 449.755489127 2449.09064757 1218.36160478 862.323605151 1326.87489991 1160.01077581  2444.0466444 382.283925898 1931.02097347 2329.71157013 2337.60240417 1871.81729878 1134.03527282 854.289178206 2313.55354379 2520.06507852 785.875308176 2502.22401076 1203.16997968 1533.03946459 2705.66535255 918.286447684 2764.64319578 1238.47365737 444.830304723 750.725648956 2522.49420217 960.041665762 609.141198738 2063.67487749 2777.60562355 701.923785037 1182.02707245 599.770789552 1881.54883009  872.35084685 798.159132003 752.787486612 1895.91270896 1656.40152137 3040.34504621 2665.89665966 870.480327176   2075.742036 1692.79236766
 1446.76535762 1391.80638021   811.3211448 2538.42470836 1423.98911513 1812.30736907             0 1724.84028246 50.2493781056 1989.20536899 1511.09232014  216.11339616 1709.03627814 963.350922561 1545.00647248 2670.95563423 1557.71146237 2480.83151383 2259.77454628 242.200330305 1806.20403056 2740.22791023 942.251028124 2447.78532555 555.792227366  2931.3159161 345.684827552 1062.01506581 663.193033739 894.879880207 2040.94732906 1320.12310032 1756.40655886  366.89508037 508.992141393 2265.81287842 1453.67534202 2423.19829977 1005.72610586 1258.79188113 1261.29972647  1843.6941178 805.096267536 1165.01072956 1153.73480488 672.309452559 1332.88409098 1164.60508328 1859.25200013 1051.98146372 382.781922248 1263.39621655 2435.29751776  1362.0620397 264.151471698 2144.67246917 93.0483745156 800.235590311 1866.83073684 666.108099335 561.805126356 541.613330707 1662.56909631 1187.47168387 2685.57721915 2729.88662768 1130.68165281 740.945342114 895.317262204 2820.22481373 1205.23068331 1850.60260456  934.84758116 1814.36490266 2070.01642506 1810.52036719 560.016071198 1245.82904124  2382.8564791 2071.41811327 593.670784189 1508.62387625 269.683147416 2112.27460336 714.193951249 369.431996449 237.993697396        2624.0 1867.18183367 2031.08099297 1108.95310992 1719.10790819 1046.94078152 2744.01639937 1707.41969064  1196.3381629 2229.60198242 1009.75690144  2544.2313181 1231.34763572         925.0 2641.85540861 1701.29656439 2527.45504411 1182.46606717 2230.73306337  811.12082947 893.801432087 1219.08162155 592.220398163 2673.73315796 705.063117742 1692.63492815 1110.69347707 590.160994984 1265.73496436 73.3893725276 2770.94532606  2388.5761449 582.219889732 884.412799546 1904.33873037 706.060195734 2890.52797945 378.977571896  1651.0956968   2015.874004 975.304055154 2984.71321905 1437.81222696 1064.00422931 751.061249167 1644.71578092 2417.23416325 390.466387798  965.29839946 2477.76209512 1676.61623516 1992.49516938 296.998316494 1835.26837275 1246.31456703 2235.32301916  1199.4269465 225.743216952 1728.17128781 1309.71180036 1336.79392578 310.787708895 436.371401446
  424.53739529 1619.84104158 2501.89767976 850.718519841 2605.81753007  533.67031021 1724.84028246             0 1693.38389032 969.692734839 1307.46854647 1858.84184373 2553.93363265 2600.32171087 1420.53546242  1210.8418559 1421.95112434 1257.13205353 691.034731399 1728.84383332   1228.327725 1276.91542398 1295.39067466 1350.98815687  1355.0590393 1216.00370065 1904.64274865 670.857660014  2312.6463197 2301.66722182 464.968816159 1210.88934259 2648.02152559  2059.7111448 1934.29702993 1410.09006805 2590.02895737 1397.24299962  2212.8861245 1288.82000295  2933.7833935 247.778126557 2524.46944921 1660.67576607 1347.31213904 2369.01034189 849.763496509 2706.76799892 553.176282933 1736.74897438 1365.05677538 2598.65888489 958.175349297 1293.20879985 1988.89165115 420.639988589 1646.53575728 930.406900232  1379.0783154 1539.01591935 1233.10542939 1630.71794005 554.048734319 1320.95912124 993.620148749 1061.07539789  651.46373652 1725.77924428 1289.12567269  1275.7311629 2865.05305361 1113.80070031 1577.34523805 1291.32877301 456.983588327 2641.09409147 1411.55942135 2563.42973377 1047.85161163 438.507696626 1365.77633601 2163.98336408 1992.99397892 1092.47700205 1862.13023175 1849.79620499 1506.36018269  1187.7651283  416.32919667  738.87482025  1175.9238921 206.305598567 696.603904669 1345.78601568 2402.83998635 2495.66604336 527.056922922 1199.80540089 1683.73661836  2857.2688008 2231.64894193 1698.49168382 2693.14165985 1552.15753066 560.057139942 898.614489089 2216.68784451 931.708645447 1143.75259563  1383.4178689 1673.83183146 2257.75286513  856.89264205 1544.20529723  2298.2515093 1956.35298451 1769.36146674 1047.85495179 663.826784636 2285.99606299 2281.31979345  288.06249322 2430.35820405 1174.70421809 1378.29532394 2292.67027721 1433.46921837 2699.87407114 1292.39506344 371.615392577 805.985731884 2352.39558748 436.975971879 968.310384123 1884.71164903 2662.68454759 1120.72164251 657.753753315 267.725605798 1708.12470271 1360.16763673 491.928856645 511.003913879 1486.82648618 1526.25358312 2668.39165041 2327.00085948 469.233417395 2023.48733626 1737.90275907
 1424.05933865 1342.50512103  829.19056917 2511.70957716 1400.12142331 1793.85423042 50.2493781056 1693.38389032             0 1980.89197081 1518.62602375 266.270539114  1674.2072751 972.260253224 1555.99807198  2654.9103563 1568.60447532 2471.46919868 2237.65636325  281.31121556 1807.97345113 2724.37038598 950.853300988 2442.02948385 506.320056881 2902.39694046 394.832876037 1033.99274659 671.252560517 878.080292456 2002.80827839  1325.4735003 1723.48745281 381.283359196 555.713955196 2265.53591894 1427.87849623 2419.35631935 977.491687944 1208.59091507 1277.43571267 1807.63740833 832.325056694 1116.88182007 1165.08755036 690.973950305 1324.54709241 1163.59786868 1840.87289078 1005.68384694 341.697234405 1246.64549893 2417.44679362 1311.87575631  297.55839763 2112.59674335 99.7647232242 765.873357677 1872.34398549 687.608173308  517.34901179 569.526118804 1645.47895763 1137.22645062 2658.79860087  2704.7931529 1092.44038739 696.580935714 845.185186808 2801.49477958 1219.05947353 1848.36819925 886.275916405  1817.9452687 2045.10953252 1776.01492111 569.572646815  1227.7316482 2369.32479833 2034.61740875 543.737068812 1466.80639486 299.923323535 2105.54719729 675.883125991  415.40943658 195.489130133 2608.58218195  1827.8875786 2015.52102445 1112.76322729 1692.60656976 1020.76931772 2730.50563083 1668.26167012  1176.4777941 2201.18150092 1013.98422078 2546.21444501 1240.41605923 901.337894466 2642.08724307 1671.56962164 2525.93032366 1147.47592567 2216.06971912 792.547790357  851.14981055 1221.88583755 600.308254149 2672.48835358 699.263183644 1684.30044826 1061.40708496 632.095720599 1222.26020143 78.1088983407 2740.41839871 2356.78191609 625.079994881 866.614677928 1868.18655385  737.22181194 2861.50956664 336.108613398 1610.15589307 2020.70606472   1006.833154 2958.29477909 1412.73104305  1048.0505713  752.52109605 1604.30202892 2400.24082125 366.154339043 985.482622881 2464.17734751 1632.56760963 1960.84726585 255.368361392 1840.65884943 1212.03341538 2203.30297508 1149.59558106 181.011049386 1696.73244797 1277.06303682 1299.06620309 353.926546052  473.27053574
 749.106134002 2441.83148477 2793.51033648 1030.06892973 3218.19530172 436.022935177 1989.20536899 969.692734839 1980.89197081             0 721.261395057  2024.6552793 3286.98418007 2952.33619359 802.172674678 769.801273057 794.768519759 493.377137695 664.253716587 1871.21484603 420.386726717 829.607738633 1136.55488209 473.625379388 1874.70984422 1416.40425021  2003.3971149 1117.59473871 2651.64948664 2792.85516989 1366.02342586 795.616113462 3371.09982053  2355.7627215 1944.72645891 441.191568369 3220.13943797  478.48092961 2786.95120158 2107.21071561 3244.04269392 1197.60177021  2755.6679771 2409.84397835 1017.20892643 2654.48036346 656.409932893 3136.00781249 420.594816896 2437.38733073 1749.77141364 3141.82431081 617.287615298 2141.97595691 2226.89424985 1078.64451976 1896.26369474 1401.86197609 542.720001474  1481.2704007 1712.77932029 1626.01629758 465.465358539 2114.00780509 1136.89093584 1102.39058414 1340.55398996 2315.18854524 1973.39833789 969.928863371 3192.02647232 269.651627104 2259.18436609 480.585060109 712.198006175 3383.74851311 1469.70609307 3113.28315448 454.234520925 1301.62398564  1908.6898648 2927.25263686 2240.56443781 140.035709731 2415.41404318 1926.37119995 1848.41148016 713.084847686 1376.93935959 300.026665482 945.010581951 764.697325744 1095.56241264 791.770168673  3172.5585889 3050.33981714 933.773527147 1035.70507385 725.827114401 3220.43987679 2764.68750495 764.367712557 3383.89893466 621.167449244 1221.10114241  362.22092706 2702.41244076  1552.1549536 838.848019608 1433.81344672 761.215475408  2666.0607645 296.609170458 2290.81339266  2442.3742547 2687.38478823 2056.24123098 1365.41275811 1179.00381679 2423.79743378 2776.01512964 1215.52786887 2639.92140035 1388.45597698 1771.61903354 3070.37082451  525.00095238 2889.70171471 1359.16923155 817.905862554 956.454389921  2731.1428011 1393.29968061 576.146682712 2292.50299891  2940.0600334  541.13307051 1614.85603073 1009.13675981 2113.91627081 541.501615879  1175.4905359 1113.58385405 2268.47724256 1871.40642299 3376.04768924 2984.76615499 1272.40402389  2214.2459213   1777.322143
 902.269361111 2358.83551779 2264.73000598 1695.41735275 2883.28371826 907.181349015 1511.09232014 1307.46854647 1518.62602375 721.261395057             0 1483.06608079 3056.08654982 2450.31120472 113.070774296 1487.71099344 115.260574352 1161.23425716 1323.96412338 1334.15179046 348.931225315 1544.61289649  569.01405958 1060.31740531 1592.27039161 2102.42550403 1427.01716878 1026.07796975 2158.99166279 2390.68400254 1771.00705815 201.853907567 3126.63461249 1859.02447536 1329.07975682 804.479956245 2899.67791315 1004.97263644 2446.65179378   2052.777874 2705.46428548 1553.66920546 2196.00091075 2252.60959778 370.005405366 2130.13614588 485.242207562 2672.88701594 931.180970596 2231.72690982 1391.60411037 2757.15251664 1334.04422715 2118.40340823 1706.96690067 1592.13692878 1421.52664414 1199.96541617  361.27136615 888.380549089 1431.61621952 1039.23289016 791.767642683 2031.86343045 1819.13853238 1800.88339434 1324.60597915 2027.11617822 1807.75357834 1690.79507925 2664.74783047 467.086715718 2054.65812241 328.694386931 1280.11249506 3158.01583277 951.156138602 2735.05575812 1173.36481965 1733.53771231 1638.25059133 2745.89621071 1725.00115942 781.219559407 2088.98372421 1346.00148588 1442.33872582 1430.23634411 1707.30430797 954.112152737 415.496089031  1127.8173611 982.153246698 1491.46438107 2984.60081083 2679.09033069 1516.31955735 509.734244484 1053.22979449 2712.87246291 2394.73693754 1164.30236623 3108.51250601 1071.82507901 1231.18885635 1078.35522904 2302.51536368 1417.94957597 321.309819333 918.969531595   1210.714252 2216.08528717 534.072092512 2142.68989824 1855.64274579  2489.6636319 1584.02840884 2022.98245173 1761.44713233 1835.06403158 2377.44106131 1595.26361458 2075.04722838 2070.65013945 1415.31056662 2896.17972509 512.316308544 2303.06274339 2064.67745665 974.589144204 750.149985003 2257.93556153 1623.38227168 1294.89806549 1873.33499407 2396.14294231 1256.17076865 1818.26345726 1472.54100113 1713.33826199 331.013594887 1222.49744376 1655.04350396 2157.63875568 1463.65296433 3116.66103386 2700.46755211 1368.77244274 1668.49902607 1194.06029998
 1546.99224303 1606.48809519 782.465973701  2649.1389167 1552.61843349 1891.77826396  216.11339616 1858.84184373 266.270539114  2024.6552793 1483.06608079             0 1876.00906181 969.149111334 1501.45596006 2735.85836622 1514.44379229 2518.00317712 2352.08715825 153.583853318 1800.00111111 2804.08737382  921.09174353 2469.69633761 767.606670112 3050.37309193 136.488094719 1188.35390352 685.810469445 1005.19898528 2201.48881442 1304.34504637  1916.3144314 395.409913887   312.1954516 2265.17306182 1589.21647361 2437.03200636 1154.61248911 1473.78424473 1227.82490608 1996.18360879 731.016415684 1376.80245497 1114.84214129 647.092729058 1375.18180616 1207.35910151 1938.07868777 1258.81372728 570.737242521 1366.93123455 2508.79114316 1576.91153842 229.923900454 2279.36943035 240.750908617 955.117793783 1843.94902316 598.819672356 756.128295992 452.092910805 1737.55143809 1403.00249465 2796.12052673 2833.12865927 1296.08718843 943.400763197 1109.87656971  2896.0761385 1183.26412943 1861.19773264 1147.96559182 1800.28469971  2174.9494247 1975.96583979  555.64467063 1354.70919389 2438.23706805 2226.23089548 807.372280921 1700.40259939 250.874470602 2140.16004074 899.552110775 185.970427757 435.784350339 2686.40149643 2033.10034184 2096.93228312  1104.0009058  1832.6879167 1166.27698254 2797.84863779 1889.64785079 1312.49380951 2348.60384058  1005.5605402 2532.47783801 1229.99349592 1059.24595822 2637.21917936 1849.78296024 2530.86072315 1334.65688475 2291.66424242 930.002150535 1078.14099264 1216.11224811 591.433850908 2675.31418716 780.933415856 1730.59296196 1325.40899348 442.340366686 1463.52041325 248.847342763 2897.24645137 2521.28399828 428.514877221 998.617544408 2056.99416625 616.042206346 3010.10315438 572.102263586 1839.57875613 1994.79948867 873.499284487 3092.94940146 1547.82331033 1142.42986656 796.263775391 1816.04653024 2487.16545489  546.38539512 919.958694725 2532.94492637 1863.04616153 2125.99388522   498.8957807 1813.18311265 1395.12185848 2369.46998293 1415.22083082 428.841462548 1882.80880601 1471.00305914 1498.66507266  189.78935692 308.176897252
 2553.84514018 969.751514564 1532.65423367 3362.05130835 502.332559168 2940.77829834 1709.03627814 2553.93363265  1674.2072751 3286.98418007 3056.08654982 1876.00906181             0 1370.37221221  3122.3068395 3756.47614128  3133.5746361 3720.48518341 3243.39821792 1950.94079869 3267.83261505 3824.39380817 2531.76381205 3755.48691916 1464.17553592 3639.88928403 2008.75707839 2170.08041326 1397.14065147 956.621659801 2561.27800131 2854.35842178 100.662803458 1542.65388211 2186.90740545 3672.72446557 433.175484071 3765.05312048 733.484832836 1274.76193856 1580.21390957 2494.47088578  1701.2774612 894.910610061 2751.82793794 1541.71754871 2702.53307103 1150.51379827 2982.43608481 849.631684908 1674.83879821 755.007946978 3501.00799771 1296.44591094 1693.54923164 2863.71175225 1767.78646901 1900.22840732 3371.63966046 2342.80707699 1626.49316015 2240.20222301 2840.71980315 1234.18718191 3489.32085082 3578.13638644 1967.41658019  1033.0077444 1314.33024769 3829.44395441 1507.06071543 3254.74253974 1028.40896534 3298.39430633 3009.97956804 102.825094213 2186.83995756 730.033560872 3547.62032918 2637.90257591 1419.32378265  399.84622044 1670.75192653 3426.63698106 1002.72628369 2059.71964112 1660.76187336 3727.58433842 2386.25669198  3189.9945141 2644.31919405 2682.30367408 2195.08177524 3880.20270089  215.64090521 715.436929435 3047.17081897 2557.73532642 3971.84717732 1395.54505481 850.084701662 4038.70585708 224.162887205 3901.67374341  2086.6664803 3386.45020634 996.386471205 1734.94956699 2735.09286862 2207.92844087  4045.5887087 1209.94421359 3019.03726376 1013.36715952 1900.04342056 603.252849144 1646.07685118  3444.7178404 3074.08604304 1914.46728883  950.98527854 2535.91186755 1746.84000412  3600.3840073 1651.46995129 315.163449657  3505.3583269 1849.37529993  3767.0298645 2497.00320384 2372.92899177 1282.82266896 2188.61257421  3504.2400032 1330.08458378 1597.96182683  3633.2492345 2034.42006479 2755.41430642 1423.08854257 3340.14685306 2143.90414898 2939.44246414 1068.10111881 1643.81416225 154.262762843 407.578213353 2097.57502846  1796.1698138 2145.39064042
 2378.37024031 1661.98495781 221.298441025 3441.60965247 890.906280144 2758.11983061 963.350922561 2600.32171087 972.260253224 2952.33619359 2450.31120472 969.149111334 1370.37221221             0 2470.59507002 3622.68422582 2483.58007723 3443.48805719 3190.10720823 1116.19801111 2760.05688347 3692.40788646 1884.42564194 3410.87232244 1254.77089542 3816.03275667 1046.56055725 1972.45659014 301.041525375 482.374335967 2838.50541659 2267.40071447 1360.58112584 598.020902645 1192.55859395 3222.91312325 954.509821846 3385.05908368  740.64836461 1727.45188066 343.633525722 2672.00467814 379.348125078 1410.11524352 2083.27938597  329.95302696 2295.93662805 287.586508724 2805.19321973  1248.3597238 1250.96003134 633.514798564 3381.93923659  1819.1481523 743.347159812 3008.84113904 1056.38108654 1679.31533668 2810.48358828 1567.94929765 1367.23077789 1420.27391724 2612.65860763 1647.53937737 3587.55627134 3642.55789247 1958.18078838 1013.87622519 1450.67432596 3763.34651607 267.551864131 2811.12023934 1273.97998414 2763.83881585 2986.95580818 1446.32672657 1507.45514029 649.058548977 3340.39668303 2885.91649221 1254.78284974 1415.41124766 725.581146392 3075.61132135 863.020277861 1125.87965609  1124.4634276 3577.37515505  2652.8695784 2984.55105502 2061.38012021 2629.43815291 1967.07701934   3701.491186 1490.62034066 655.080147768 3122.90409715 1962.03007113 3495.99113271  268.16785788 619.267309003 3597.50816538 1238.19909546 3486.40588572 2040.37472049 3186.08301838 511.892566854 1682.05172334 2172.94017405 1541.97405944 3632.11728886 359.050135775  2655.7337969 1441.61333235 702.598747508 1290.38056402 896.228207545 3643.08344675 3252.55791647 723.895710721  499.91699311 2730.20603618 474.782055263 3774.67627751  1233.9858184 1500.13332741 2961.01756158 485.160798087 3887.78420183 2358.52008683 2017.95341869 250.730931478 2421.03800053 3366.52966718 715.819111229  228.02192877 3435.17394028 2384.82724741 2862.46397357 892.926088767 2779.45552222 2108.41291022 3098.90593597 1558.01155323 1102.03675075 1300.84165062 1012.42283657 2160.95279911 790.423936885 1270.83161749
 1014.75366469 2445.81315721 2279.52736329  1794.2745052 2934.40317612 1014.67679583 1545.00647248 1420.53546242 1555.99807198 802.172674678 113.070774296 1501.45596006  3122.3068395 2470.59507002             0 1560.85393295 13.0384048104  1219.4465958 1422.13923369 1355.95058907 402.226304461 1615.35754556 606.923388905 1105.60119392 1661.00270921 2198.40897014 1436.02263213 1125.43013999 2183.24941315 2432.38257682 1884.02149669 280.032141012 3190.69976651 1884.71032257 1326.21717679 830.831511198 2953.09888084 1042.70081999 2499.03981561 2144.22620075 2715.52352227 1666.73363199 2203.00363141 2332.03451947 391.281228786 2146.92268142 595.184845237 2700.78840341  1037.1022129 2305.31256015 1451.16125913 2800.16660219 1418.81676054 2212.25767034 1728.44814791 1702.57598949 1457.50368782 1285.22215978 370.472671057 902.765196494 1502.70422905 1051.70052772 902.703162728 2120.78523194 1915.41118301 1893.37053954 1425.29435556 2090.68051122 1889.44224574 1767.32141955 2677.84988377 538.164473001 2129.60677121 364.917798963 1386.39424407 3224.58757053 986.426378398 2779.34182856  1248.9075226 1846.28979307 1708.16860994  2819.8874091 1747.39692114 848.066624741 2146.05591726 1354.88929437 1492.38131856 1502.96939423 1820.12224864 1049.48797039 478.873678542 1240.45193377 1080.59983343  1555.1170374 3056.80437712 2724.89449337 1622.85242706 565.099991152 1057.65117123 2730.56367807 2442.31775164 1175.45948463 3168.13525595 1094.70087238  1334.7003409 1163.08426178 2345.19466143 1507.23654414 400.196201881 956.228006283 1228.24264704 2249.37613573 637.628418438 2223.85633529 1857.05277254 2562.78481344 1618.33031239 2123.72903168  1868.8063035 1836.01334418 2419.89855159 1708.31876417 2081.35580812 2167.38298415 1474.81015727 2970.45720387 516.806540206 2301.63355033  2155.2916276 1086.69821018 846.550648219 2285.94006921 1734.36587835 1378.24308451 1915.65471837 2406.27720764 1328.34483475   1927.726381 1584.25881724 1760.89891817 345.005797053 1328.27896166 1764.44495522 2242.82857125 1513.05155233 3178.61683756 2760.44199359 1475.82011099 1683.56823444 1204.50363221
 1259.35618472 2830.61495085 3482.27655421 624.771958398 3770.09827458 867.138973868 2670.95563423  1210.8418559  2654.9103563 769.801273057 1487.71099344 2735.85836622 3756.47614128 3622.68422582 1560.85393295             0 1552.21680187 399.405808671 523.321125123 2584.53187251 1162.01075727 70.1783442381 1885.91012511 578.070064958 2452.43899007 839.802953079 2730.45673835 1674.98776115 3322.44142161 3403.92391219 1387.54819736 1562.86819662 3848.76603602 3035.95125126 2688.48451734 876.620784604  3761.2763791  674.11126678 3356.25043762 2498.68705524 3931.96960822 1333.68811946 3462.08029947 2861.57194563 1783.54366361 3343.22538875 1367.09034083 3778.61575183 820.288973472 2924.84956878 2380.73980099 3731.49862656 255.691220029 2503.86601079 2922.54751886 1020.65469185 2579.86705084 1977.58362655  1247.6157261  2226.0709782  2302.5700858 2365.28920008 1010.03168267 2527.81031725 630.892225344  534.19565704 1802.51518718 2868.85412665 2464.07568877 214.848784032 3873.84369845 1023.13733194 2756.81265232  1211.1366562 755.790976395 3845.84191043 2189.99406392 3699.18504538 315.627945531 1301.41038877 2476.30712958 3370.58006877 2933.64841111 714.582395529 2990.08846023 2656.63320765 2499.22888108  58.137767415 1495.19898341 640.101554443 1696.62164315 1075.37528333 1670.48046981 160.704698127 3611.10094016 3633.05505051 804.555156593 1780.89893032 950.962144357 3889.77441505 3355.12816447 870.588306836 3885.72901783 773.643974965 1687.93661018 445.135934294 3314.71341144 2065.23243244 1595.85588322 2154.39109727 798.075810935 3311.04001788 1030.65270581 2743.39133191 3166.87890517 3155.20601546 2732.56546125 889.162527326 945.822393476 3149.50408795 3385.21284412 1315.01863105 3350.74096283 829.344319327 2400.10416441 3501.60777358 1164.30236623 3608.79398137 711.961375357 1296.03857967 1607.07093807 3388.62641789 1623.54735071   259.1929783 2930.73983833 3635.15405451 232.664995218 1828.56282364 1064.05685938 2748.63238721 1257.75116776 1624.93815267 989.531707425 2692.97994794 2521.89849122 3865.48056521 3506.42567296 1658.90626619 2922.99384194 2511.86146115
 1017.52886937 2455.09592481 2292.55337997 1789.48959203 2946.54305925 1012.35418703 1557.71146237 1421.95112434 1568.60447532 794.768519759 115.260574352 1514.44379229  3133.5746361 2483.58007723 13.0384048104 1552.21680187             0 1209.44615424 1417.27132194 1368.89152236 392.621955576 1606.45012372 619.317366138 1094.65793744 1672.00478468 2192.99338804 1449.06073027 1132.68574636 2196.17940979 2444.88956806 1885.12837759 289.178145786  3202.1175806 1897.61033935 1339.19752091 818.912083193 2965.12815912 1031.30257442 2511.10533431 2152.89665335 2728.56189228 1668.37555724 2216.03813144 2342.15392321  404.01113846  2159.9354157  599.47059978 2713.66615485 1034.26157233 2315.97236598 1462.76211326 2812.63737442 1411.66745376 2220.57334939 1741.40661535 1701.36562796 1470.14455072  1294.6018693 358.240142921 915.764707772 1513.50256029 1064.72155985  901.88524769 2129.80092966 1910.08115011 1887.34575529 1432.33026918 2102.08586885 1899.29723845 1759.03638393 2690.88424129 529.917918172 2140.13667788 354.153921339 1383.58266829 3235.83327753 999.032031519 2791.76521219 1240.62081234 1846.84920879 1719.08405845   2830.535815 1760.34371644 839.030988701 2157.86051449 1367.92726415 1504.49459953 1494.29883223 1822.46234529 1044.17670918 489.802000813 1240.89040612 1088.01562489 1545.51771261 3067.61226363 2737.25775184 1620.08641745 576.642003326  1044.8885108   2743.574311 2454.59935631 1162.86069673 3179.83222828 1082.53960667 1341.10141302 1156.00389273 2357.66409821 1516.14775006 409.684024585 968.765193429 1215.84620738  2262.1275384 634.353213912 2233.79072431 1870.06015946  2573.4972314 1631.02942953 2119.33220614 1866.29284947 1849.01730657 2432.37846562  1709.6189634 2094.38869363 2162.11771187 1486.41750528 2981.08604371 504.223164878 2314.60687807 2148.92065931 1089.81695711  854.25640179 2298.80838697 1738.24192793  1370.9048107 1928.11851296  2419.3156057 1319.65525801 1932.33356334  1583.8289049 1773.14663804 333.042039388 1334.09332507 1762.73650895 2252.31658521 1525.19670862 3190.17131201 2772.10569784 1481.27276354 1696.58716251 1217.53726842
 1167.46948568 2836.89125629 3286.38479183 928.903116584 3681.02866058 781.952044565 2480.83151383 1257.13205353 2471.46919868 493.377137695 1161.23425716 2518.00317712 3720.48518341 3443.48805719  1219.4465958 399.405808671 1209.44615424             0 671.096118302 2364.54477648 817.664968065 431.613252809 1624.76644475 181.339460681  2340.5383996 1218.24956392 2495.53621492  1567.8434233 3142.60847068 3271.96347779 1548.56611096 1269.53849883 3808.04739992 2847.60127125 2432.79304504 478.979122718 3679.44194138  276.84833393 3254.08819794 2500.42316419 3737.00655606  1438.2770943 3249.01908274 2831.83067997 1490.72499141  3147.2967766  1148.1572192 3622.83977013 742.846552122 2873.96172556 2230.72835639 3615.92215071 433.129310945 2521.96629636 2719.95827174 1198.40936245 2387.99015911 1863.09044332  879.93181554 1970.05710577 2181.47885619 2116.20981946 883.240057968 2517.28822347  977.88036078 899.067294478 1754.43267183 2775.39636809 2407.88745584 612.082510778 3684.53117778 697.252465037 2698.60056325 857.324326028 853.796814236 3814.69854641 1962.93581148 3586.24887591 229.651910508 1468.69874379 2371.35615208  3348.7766423 2733.47873597 386.803567719 2882.94051274 2418.08291835 2334.45325505 346.174811331 1615.10525973 535.093449782 1433.19572983 1076.74555955 1552.28412348 341.919581188 3593.23711992 3522.24076406  996.83499136 1525.90563273 572.552181028 3711.64761258 3238.10222198 517.672676505 3829.92441179 395.701908007 1634.61463348 359.005570987 3181.63291409 1991.23881039 1324.74790055 1927.05007719 462.049780868 3152.71200715 788.885289507 2712.29367879  2934.5161441 3117.60420836 2547.25990036  1237.0307191 1198.31423258 2915.77862671 3254.60120445 1436.24266752  3133.1632578 1202.50945942 2252.02686485 3487.58168363  780.55685251 3382.26211285 1104.99411763 1223.64741654  1437.1005532 3220.17887702 1693.38270925 390.287073832  2777.0007202 3433.30161798 213.564978402 1912.20004184 1191.37987225 2597.13014691 894.566375402 1579.84334666 1195.73241154 2677.84428225 2357.44883295 3817.46578243 3436.62770751 1649.17100387 2707.61001623 2268.40230118
 813.705720762 2310.21600722 3065.97537498  372.33989848 3277.00747634  473.70138273 2259.77454628 691.034731399 2237.65636325 664.253716587 1323.96412338 2352.08715825 3243.39821792 3190.10720823 1422.13923369 523.321125123 1417.27132194 671.096118302             0 2206.18086294   1074.810681 587.554252814 1583.62242975 819.498627211 1981.89252988 780.185875289 2366.34591723 1218.76043585 2893.12184327 2937.19543102 889.139471624 1331.91366087 3336.84956209 2617.57540484 2351.39533044 1007.92509642 3264.86155909 896.420102407  2871.8161501 1979.83080085 3511.01637706 813.260720802 3062.93078603 2349.15325171 1535.82192978 2928.37378079 1046.20695849 3326.13800075 431.802037976 2419.19862765 1939.26300434 3252.62186551 279.873185568 1982.39955609 2519.55492101 530.083955615 2172.07849766  1517.5836056 1205.72384898 1902.22843003 1840.55861086 2027.75984771 630.600507453 2011.50938352 497.111657477 497.115680702 1306.07503613 2382.97314295 1963.39501884 592.000844594 3448.18792991  923.64332943 2254.93436712 1138.32025371 234.079046478 3331.30079699   1830.411156 3218.94346021 441.490656753 806.112895319 2001.03173388 2854.63220048 2528.06724594         711.0 2510.96555134 2298.44403891 2067.94438997 506.743524872 979.614720183 375.586208479 1408.78671203 576.944538062  1223.0584614 667.470598603 3093.82303954 3151.93686485 325.861933954 1475.71338681 1209.68508299 3454.29384969 2879.25893243 1179.78006425 3378.55842039 1044.15037231 1196.50532803 357.531816766 2849.38344208 1577.74332513  1326.7754143 1796.34851852 1131.20289957 2864.05394502 793.202370143 2231.84968132  2792.4206345 2644.13350646 2315.74977059 705.028368224 542.797383929 2776.87036068 2917.72462717 798.534282295 2957.55879062 747.302482265 1956.69747278 2983.70239803 1183.93960995 3222.45946445 765.721881625 832.144819127 1210.19998347 2949.03543553 1100.31313725 303.384244812 2484.04609458 3223.11185037 482.713165348 1306.76738557 546.936925065 2302.46064027 1202.38305045 1130.67280855 524.818063714 2177.21473447 2089.92176887 3355.75997354 3005.74516551 1148.67097117 2533.30337702 2163.13776723
