             0 2606.92941983 548.512534041 2009.49446379 1367.89071201 2233.32039797 1130.63035516 580.679774058 515.197049681 582.068724465 721.501905749 262.864984355 2790.40946816 2301.45975416  2489.7654508 2438.90180204 2948.68784377 2589.15372274  3007.5787604 783.171117956 258.094943771 1980.49337287 1987.89662709 2459.22284472 526.540596725 1184.12203763 661.786974789 814.316891634 492.319002274 881.457883282 3069.99104233 439.720365687 2432.87504817 838.298872718 843.976302985 2910.24552229 1129.44942339 698.552789702 1123.95062169 1099.94181664 3098.66584194  2516.8967003 1673.25550948 3350.02104471 2850.50960356 477.246267665 1487.58193052 2963.02041842 655.396826358 1988.56983785 3164.46282961 1417.39197119 1002.90428257 1437.23414933 2039.97965676 1298.83717224 1008.47657385 1176.55471611 592.076008634 1414.33023018 809.654247194 1258.21500547 2953.18302853 2358.78888415  1227.2611784 1534.85439049 1426.98177984  651.92024052 1034.23401607 1191.64969685 438.548743015 1044.84448604 838.601812543 1359.06585565 939.987765878 674.075663409 2349.45780979 2795.83297069 1315.71729486 821.647126204 1472.16201554 2579.43268957 2065.30893573  1155.7703059 772.911379137  629.49583001 1627.73370058  1867.1135477 1718.81645326  149.49581934 792.123727709 3020.10761398 765.209121744 965.549066594 95.9635347411 2882.76048259 737.109218502 229.477667759  617.82359942 1248.56557697 1146.20853251 3161.65589525  2228.6969287 2050.48408918 2469.66434966 2168.21608702 432.140023603 478.819381396 2600.12018953 2677.83065185 825.251476824 2633.87964797 1361.90491592 1550.79753675 1284.98171193 1492.28046962  1048.3148382 2041.31967119 2970.34004787 2364.99577167 2762.37959014 799.462319312 400.958850757   1183.872037 2331.41094619 2917.94876583 1147.17261125 2799.17219906 793.622706328 3183.48880947 1172.48624725 1336.63009094 1550.83590363 790.783156118 2935.47696295 552.530542142 2910.04398592 625.139984324  1616.9010483 2163.99676525 1286.47502891 489.434367408 1807.68387723  2187.2871325 1442.77856929         500.0  2608.8558795 3262.52862056 1171.89845977 1074.83394066 3003.96621153 537.105203847 2381.17659992 1546.14261955 2771.16618051 2999.67748266 1090.52831233  699.82069132 2008.02016922  2376.5001578 325.510368498 2739.61402391 1445.54833887 1829.14542888 1383.37016015 542.760536517 516.419403199 1546.07406032 1004.89302913 1012.71911209 1911.28490812  938.93823013 1553.00611718 181.157390134 549.850888878 801.589046831 1685.91844405 1161.36514499 1396.73941736 935.889950795  793.58490409 2064.21026061 2191.60443511 1191.85569596  1901.6037968 1444.96712765 2925.06222156 1276.60213066 863.022595301  998.72418615 1552.61231478 3003.58519107 2196.23518777 1158.34752989 3062.84573559 1472.05230885 1395.30820968 1239.75804091 1231.55064857 3117.48937448
 2606.92941983             0 3153.61966635 1013.45202156 3182.53766671   932.0713492 1479.72159544 3056.21105292 2096.84644168 2886.16510269 3328.10156095 2435.42706727 183.967388414 411.691632171 881.850894426 236.103790736 510.925630596 522.551432875 882.336103761 2273.83948422 2578.46814989 1244.03416352 1287.06953969 608.473499834 2091.02319452 2700.63140765  1987.9097062 3367.45081627 2958.17933871 2436.61507013 553.637065233 2797.62488551 707.000707213 1768.99180326 2031.97563962 604.201952993 1803.81734109 2291.29592153 3317.73687926   3187.115467 664.822532711 216.946998135 936.400021358 1093.45781812 531.179818894 2148.34564258  2039.8276888 505.170268325 2546.69354262 673.026745382 940.707180795 1227.51659867 3354.72741068 1296.17321373 888.220693296 2637.27605684 1620.23208214 1445.00934253 2907.09838155  1253.5122656 1976.71065156 2881.47739884 394.315863237 464.663318974 2070.36832472  1433.6334957 3389.17482582 2826.45024722 2695.54391543  3424.8392663 2247.65522267 1801.74942764 3362.15228685  1347.8623817 2440.73144774 3046.30481075 488.672692096 259.007721893 2230.84849329 2279.90021711 2318.35545161 457.053607359 800.232466225 1456.93445288 3321.78882532 2543.68001132 1118.05008832 1282.62231386 906.887534372 2511.65363854 3325.89191045 830.720771379 3370.40769047 1716.61119651 2693.56640906 742.235137945 3188.22348652 2621.39142442 3074.82958877 2661.16835243 2564.36834328 895.904570811 473.169102964 1021.76513935 446.789659683 456.326637399 2478.20136389 2428.35849907 65.0076918526 262.640438623 2926.15396041 926.121482312 2295.90592142 1258.32348782 1553.75834672 1176.09608451 3101.99048999 570.446316493 741.747261539 316.796464627 585.234995536 3365.85278941 2776.00882563 2159.98379624 349.493919833 315.268139843 2214.23124357 902.656080686 3329.04430731 1060.97313821 1683.97298078 3123.95342475 1329.36864714 2474.99353535  1031.0392815 2941.29308298 794.818847285   2519.055577  1406.4081911 474.405944314 1911.51902946 2979.52630463 1082.75297275  932.12123675 1493.67901505 2184.46354971  697.00071736 859.843008927 3418.17158727 2609.32270906 873.504436165 2348.94039941 660.727629209  1263.5647985 172.629661414 702.835684922 1896.62990591  3297.4186874 629.045308384 857.467200539 2323.19176996  765.98172302 1285.97550521 859.870920546 1319.63176682 2473.92683805 2823.00619907  1276.0768002 1668.30602708 3331.39985592 1209.55735705 2023.28149302 1556.18925584 2495.28054535 2808.41895023 1871.40161376 1104.89999547 1621.47587093 2230.43717688 1744.90945324 2425.34945936 729.178304669 455.496432478 1856.17159767 708.815914043 1167.51573865 321.014018385 2190.47026914 3106.58091799 3090.89194247 1267.66872644 539.281929977  1081.0901905 3042.17586605 673.873133461 1135.67821147 3334.32212001  3442.1663237 1643.61187633 933.362201934
 548.512534041 3153.61966635             0 2514.87773063 1413.26607544 2738.52113375 1678.96426406 369.411694455 1063.53091163 664.687896685  189.70766985 739.432214608 3337.27688393 2840.91270545 2996.22595944 2987.28639404 3496.68099775 3134.84624822 3547.55803335 1203.24768855 661.366010617 2496.89807561 2500.31458021 3003.09257267 1073.95763417 1416.94354157 1186.00168634 343.956392585 385.175284773 1225.40197486 3609.48985315 527.765099263 2952.13431266 1386.09992425 1291.60442861 3456.43761697 1627.88021672 1127.84484749  1020.6845742  1077.0376038 3646.10477085  3059.1542949 2221.13169353 3890.69106972 3397.41210335 1022.31599811 1908.88291941 3500.48968003 973.836228531  2536.9249102 3683.83075073 1964.98804068 810.704015039 1977.83113536 2579.16750135 1559.60251346  1545.6225283 1724.92579551 570.350769264 1946.14799026 1286.82322018 1422.52908582 3495.95022848  2893.6221246 1656.04468539 2018.43701908 1382.72954695 792.077016457 1263.80140845 1039.81007881 935.989850372 1555.30897252 497.398230797 1882.19287003 1277.45254315 525.223761839 2896.60663536 3344.21291188 1699.01442019 1233.20152449 1829.76200638 3112.01301411 2588.26679459 1704.24088673 409.695008512 953.302155667 2150.88377185  2383.6117553 2260.86355183 664.232639969 359.302101302 3562.08983604 241.919408068  1485.0942731 460.053257787 3425.20919069 450.568529749 571.112948549 403.112887415 1498.97098037 1430.02237745 3704.49051828 2777.03294903 2581.71202887 3016.80957304 2716.43093047 790.271472344 899.209652973 3145.66384091 3218.52776903 912.663136102 3137.89993467 1726.73014684 2061.82079726 1808.65917187   2038.755748 1065.64252918 2586.62560105 3514.11012918 2906.92431962 3290.34299124 389.966665242 584.275619892 1593.11424575  2872.9819004 3463.75013533 1544.19331691 3308.02735781 357.660453503 3720.63395136 1654.49267149 1403.70153523 2050.33314366 1127.62050354 3467.76484208 485.390564391 3451.26788297 962.967289164 2132.54894434 2712.43728038 1746.29321707 433.243580449 2343.24497226 2720.94707777 1925.86188498 1025.41016184 3128.53975522 3808.63033123 1015.83660103 1341.27476678 3544.18862365 980.550865585 2923.97606009 2081.62940986 3318.55992864 3527.62313747 1530.21109655 162.200493217  2556.5259631 2911.81816053 841.059450931 3279.58305277 1986.45412733 2376.36129408 1907.82205669 921.360407224 574.269100684 2054.81118354 1546.39192962 847.274453763 2432.73097567 1367.72987099 2053.79112862 668.002994005 621.251961768 1319.80187907 2225.95979299 1660.84466462  1777.5367788 1455.07800478 1151.72088633 2593.29327304 2740.08831974 1672.20871903 2449.39686454  1989.1103539 3471.01843844 1672.11393153 823.661338172 1010.86101913   2087.251063 3551.70860291 2720.76919271 1233.05514881 3595.01682889 2018.08324903 1371.02334043 1097.00045579 1713.08522847 3658.01284853
 2009.49446379 1013.45202156 2514.87773063             0 2976.09358052 223.973212684 1078.88507266 2325.00086021 1572.46812368  2448.6404391 2702.98668143 1777.99043867  1160.5434072  604.69248383 481.414582247 1028.58057536 1521.21661837 1389.51250444 1843.25635765 1990.50872894  2076.1746073 1621.97225624 1667.44625101 1375.18471487 1581.08981402 2538.49896592 1348.75424003 2652.12744792 2235.45297423 2190.80715719 1230.94313435 2063.15147287 464.698827199 1271.53018053 1244.00160772 1591.80055283 1660.09276849 1969.26077501 2966.85169835 2870.96987097 1677.80868993  811.47335138 792.315593687 2096.81305795   1515.361673 1642.46156728 2096.46750511  1106.5233843 2199.68838702 943.509406418 1179.54949027 1046.97850981 2932.59560799 1225.67940343 1307.14383294 2532.24208953 1039.10586564  1105.0669663  2137.9883068 652.099685631 1230.57384988 2710.25847476 1179.64825266 559.357667329 1999.51044008 519.871137879 3142.41260817 2432.11595118 2475.60012926  3063.1854335 1582.20763492 1598.26405828 2840.93664132 666.513315696  2218.8810243 2275.62430994 1183.08917669 1272.43781773  2190.7962023 2014.42895134 2335.93514465 706.230132464 221.054291974 1077.04642425 2780.46399006 2186.74301188 420.020237608 1584.46363164 583.131203075 1962.72896753 2600.02769216 1805.66497446 2752.55608481  1045.5414865 2076.69087733 1692.02600453 2431.72078989 1944.94215852 2333.32595237 2531.81515913 2410.78617882 1893.35680737 1024.90292223 1454.27679621  1249.1156872 869.386565344 1746.65423024 2014.25321149 963.822079017 905.055246932 2575.18077035 624.469374749 2268.98677828 459.761894898 1458.25443596 1073.46401896 2791.04998164 661.043115084 1719.89883423 699.469084378 830.532961417 2808.94855773  2295.4119456 2065.00387409 670.078353627 1224.80080013 2099.43444765 793.237038974 2604.01555295 2035.73401995 868.230384172  2921.7665889 465.394456349 2188.64387236 1935.15089851 2191.54785483 1742.60724204 2162.42179049 1539.13124846 905.429180003 1871.75051756 2466.91913122 1318.48132334 1468.15019668  606.98105407 1729.99075142 634.924404949 1873.05232175 3050.07835965 2420.11900534 1835.14059407 1955.87576293 1364.28809274  1299.6064789 1171.36245458 1057.00756856 1039.42291681 2633.41698179 884.005090483 1528.92936397  1686.8269028 1652.50869892 1218.72474333 1016.14811912 647.318314278 2086.52941508 2066.67970426 463.487863919   1352.201908 2924.19766774 1541.38963277  1195.4685274  1658.8236796 1854.41796799  2040.0754888 1208.09809204 1222.16733715 854.052106139 2226.43773773 1074.77718621 2143.70823574 308.648667582 929.594535268 1759.54653249 767.393640839 761.426293216 1235.81754317 2136.38128619 2717.22579113 2763.11599467 1312.12842359 1552.45611854 1609.51825091 2792.08613764 1147.52080591 789.461842016 3092.51628937 3095.63111497 812.000615763 1914.82636289
 1367.89071201 3182.53766671 1413.26607544 2976.09358052             0 3180.46301661 1898.64425314 1742.22386621   1499.724308 805.449563908 1386.17819922 1598.69102706 3344.33999468 3023.75131253 3411.29257027 2958.74922898  3335.2998366  2934.3282025 3208.97257701 985.642937376 1130.69359245 2083.77278032 2060.10145381 2781.23749435 1478.62097916 483.756136912 1791.23337396 1732.56370734 1706.30976086 786.303376567 3726.59630226 1752.30961876 3295.35976792 1728.97946778 2096.22541727 3235.87916956 1387.73232289 1012.97630772  465.14513864 345.654451729 3447.63469643 3183.00549795 2335.63032178 3534.12733217 3202.13834804 1427.13314025 1223.10465619 3649.46091909 816.633332653 2512.43407874  3976.5437254 2017.03371315 699.115155035 1900.04131534 2350.36209976 578.007785415 1971.14433769 1882.02709864 1875.71559678 2325.02150528 2021.25332405 305.761344843 3575.10908924 3120.60410818  1118.2776936 2624.76151298 228.849295389 716.257635212 503.015904321 530.729686375 1701.79317192 1413.19673082 1029.00826041 2329.82510073  763.82720559 1892.33532969  2763.5913229 3280.32574602 984.589762287 962.179297221 969.281176955 3340.45326266 2941.03825205 1903.18154678 1090.81483305 837.072278839 2556.12245403 1994.83783802 2486.78607846 1282.80707825 1763.94019173 3251.05905821 1368.34571655 2031.31484512 1394.37226019  3133.9101774  1857.0689271 1592.38343372   1782.795838 536.806296535 619.200290698 3395.19263076 2715.90960822 2268.52595312 2868.98536072 2734.86672436 1794.93175358  1038.2740486  3203.3888306 3349.87193785 545.091735399 3556.01138918 939.153874506 2547.02336071 1635.44275351 2040.28331366 348.035917687  2712.4566356 3237.03954255 3050.69336381 3544.39077981 1152.20006943 974.172982586 1025.98635469 3025.31188475 3488.13417173 969.520500041  3688.6704922 1761.38638578 3331.84423405 2313.50578128 58.6941223633 2590.18088171 790.931729039 3049.21301322  1804.7063473    3138.87894 857.394308355   1800.364963 2711.02877152 1278.37122934 1002.79658954 2118.78644511 2407.64199997  2544.9056957 1308.09976684  3455.1069448 3556.93800902  547.39473874 575.858489561 3209.20675557 1065.88789279 2694.01132143 1919.06279209 3310.10528533 3765.53316278 2321.44717795 1522.55180536 2563.82916748 2587.54091755 1594.34061605 2966.64962542 1910.07460587 2325.57691767 2343.07874388 951.201345668 1828.23247975 2552.16182872 1629.42474512 646.471190387 2068.32420089 2202.43728628 1656.49418955 1530.46169504 1871.94577913 1912.58202438 2078.00529354 2257.45741931 1014.04930847 2009.96641763 833.811729349 2901.32194008  2727.6665852 1326.59903513 2528.24089042 2234.79417397 3491.17516031 1012.31319264 589.875410574 403.019850628 1914.87075282 3393.24166543 2326.91942276 211.101871143  3791.7422117 2224.60176211 176.323566207 494.272192218 2365.22345667 3317.43952469
 2233.32039797   932.0713492 2738.52113375 223.973212684 3180.46301661             0 1281.91458374 2545.38032522 1792.84020481 2668.07271265 2926.72940328 2001.88760923 1054.76300656 553.831201721 257.751818616 997.994989967 1441.97642144 1369.47909805 1799.34710381 2195.88729219 2297.55195806 1720.94915672 1767.48889671 1380.05398445 1800.74012562 2735.98336983 1572.37209337 2872.80490114 2456.54106418 2394.25980211 1058.80357007 2283.98292463 277.627448211 1487.65755468 1464.66105294 1531.86585575 1845.18400166 2178.03213934 3182.70529581 3084.11802628 1591.49049636 717.064153336 935.290329256 2025.43748361 1456.78035407 1862.24917774 2261.39868223  933.40773513 2412.15526034 1016.47725011 962.166825452 1217.53850042 3152.42208468 1387.29160597 1383.47424985 2723.30571181 1258.28017548 1301.41038877 2356.07003291 863.653865851 1453.55426455 2909.80222696 1029.84756154 468.923234656 2180.71777174 735.571886358 3351.02745438 2649.01491125 2678.57872761 3279.97210354 1806.15198696 1789.73182349 3064.17770372  886.48745056 2420.16301104 2493.12855665 1191.82884677  1187.0105307  2370.4649333 2218.28943107 2509.55155356 552.381208949 274.650687237 1277.51046962 3004.04660417 2399.90103963 631.019017146 1696.46367482 735.425047167 2185.49239303 2820.15956995 1754.33007157 2976.36775282 1268.97478304 2300.66186129 1651.60891255 2650.00566037 2168.37727345 2553.00176263 2725.65661814 2606.38638732 1827.52400805 1047.17238313 1535.78155999 1238.29964064 895.234606123 1968.53981418 2230.54163826  874.48556306  774.37264931 2789.74264046 400.562105047 2447.84088535  683.01171293 1632.00061274 1232.55547542 3003.52126678 714.289857131 1666.23887843 640.019530952 640.013281112 3032.75782086 2516.46895471 2250.18688113 618.709140065  1096.4109631 2287.49666666 570.109638578 2824.19280503 1985.72027234 1089.76511231 3125.48812188 688.433003276 2395.91360445 1915.49601931 2411.01016174 1703.63963326 2375.41575308 1679.48712409 934.863626418 2046.77160426 2689.50144079 1431.11320307 1529.11117974 825.029696435 1947.23393561 431.060320605 1784.44641276 3267.22420412 2619.60989462 1790.82131995 2170.33315415 1383.34738949 1446.93641878 1073.28747314 855.409258776 1254.68242994 2856.36569788 951.086221118 1562.96800991 1910.77811375 1634.25365228 1379.49628488 1122.07709183 866.097569561 2301.36850591 2286.02646529 687.247408144 1552.14239038 3143.25309194 1646.18407233 1412.84995665  1807.7710032 2078.38061962  2258.5535194 1431.83972567 1351.25312211 1077.79265167 2401.71542861 1298.29503581  2350.2112671 354.902803596 953.642490664 1940.30100758 859.784275269 950.983701227 1107.89214276 2317.22010176 2934.75995611 2976.73142893 1458.59692856 1466.10367983 1677.88587216 2999.58613812 953.398132996 971.016992642 3300.52980596 3311.54827837 1032.89544485 1860.31072673
 1130.63035516 1479.72159544 1678.96426406 1078.88507266 1898.64425314 1281.91458374             0 1619.80060501 617.602623051 1436.55455866 1850.23782255 984.161064054 1662.51015034 1202.93058819  1516.2773493  1308.3260297 1823.69542413 1478.80086557 1921.31855766 914.068925191 1103.83785041 1053.36081188  1080.5128412 1360.20292604 611.301889413 1460.68819397 567.659228763 1914.49653956 1520.08322141 1112.61538727 1963.78461141 1374.18666854  1412.5954835 294.244796046 773.977389851 1795.48433577 618.062294595 899.400355793 1920.76286928 1812.40089384  1976.7308871 1405.00320284 543.662579179   2257.872007 1732.16627377 668.916287737 1112.85443792 1864.19553695 1141.38512344 862.360133587 2122.94371098 313.025558062 1918.09593086 424.590390847 978.791091091  1461.5926245 266.308092254 81.7067928633 1504.91494776 433.526239114 676.465076704 1631.50237511 1837.15677066 1278.15492019 958.793512702  809.64992435 2070.55596399 1397.00572655 1397.20614084 2022.21759462 814.327943767 536.679606469 1890.54172131 467.017130307 1140.00087719 1638.37510967 1231.79421983 1665.24983111 1150.27692318 936.476908418 1311.31842052 1503.00299401 1049.16919513 31.1448230048 1846.11944359 1131.66249386 659.918176746 954.404526393 622.049033437 1031.93216831 1878.97445432 1924.79739194 1891.67650511 424.699894043 1219.80490243 1786.48621601 1763.82680556 1171.02732675 1644.28130197 1457.34724757 1334.65688475 2061.50260732 1102.10934122 1035.92470769  1351.3907651 1037.62517317 1074.19272014 981.057082947 1476.43150874   1570.290419 1524.29819917 1662.01594457 1229.32501805 673.808578159 493.389298627 400.132478062 1730.15288342 921.054287217 1867.16496325 1255.67511722 1699.30456364 1888.25448497 1309.18791623 1010.96884225 1223.86355449 1792.82179817 1037.62228195 1803.06960487 1881.62482977 2107.42876511 647.309045202 1843.85059048 738.658919935 1114.99461882 1883.40383349 1521.94119466 1819.19240324 1106.76329899 757.432505244 1033.56518904 858.657673348 1506.81817085 785.510025398 1151.31663759 756.111764225 715.069926651 1580.22593321 2147.00209595 2011.55188847 1341.44437082 1916.66846377 910.712358541 1289.21565302 560.117844743  1641.9735077 1932.46216004 812.118833669 1827.05062875 878.231176855 1324.30283546 867.578238547 1656.64721652 427.673941222 716.029329008 471.495493086 1041.76484871 1414.89363558  683.76896683 275.072717658 1901.93717036 965.062174163 832.406150866  799.89561819 1033.81478032 1411.44642123  502.19518118 641.775661739 550.003636352 1199.09382452  436.05618904 1068.78997001 1019.47486482  1061.4259277 729.373018421  771.99222794 348.173807171 1799.48714916 1093.47519405 1683.95754103  1706.8523662   572.5032751 1877.65518666 1207.54461615 1718.41613121 1980.63348452 356.809472968  2019.5841156 2049.28890106 666.972263291 2027.79313541
 580.679774058 3056.21105292 369.411694455 2325.00086021 1742.22386621 2545.38032522 1619.80060501             0 1042.56846298 952.502493435 516.567517368 636.387460593 3239.91512235 2713.71332311 2801.97733752 2910.89762788 3438.80458881 3098.44638488 3534.58922649 1354.53755946 800.712182997 2544.07645325 2554.22982521 2977.10093883 1062.05837881 1678.51481971 1070.46018142 327.879551055 99.7446740433 1426.40281828 3476.33139962 263.007604453 2778.17853998 1328.75355127        1081.0 3415.15124116   1706.301556 1271.26118481 1376.20056678  1417.0973855 3593.94838583 2939.81291922 2144.35841221 3873.99225606 3351.22455231 1025.36871417 2064.07388434 3361.75861715 1181.32891271 2479.49934463 3504.16495046 1925.71051822 1175.24550627 1973.62737111 2573.99339548 1810.56593362 1437.42338926 1679.32426887 222.092323145 1812.70322999 1103.90986951 1712.54956133 3375.42249207 2752.62529233 1804.16656659 1811.47150129  1732.6892393 1068.81663535 1523.57507199  1402.8492435 811.529420292 1617.84702614 866.654487094 1732.92036747 1483.25318136 156.604597634 2851.42718652 3265.22051323 1881.43163575 1391.06182465 2030.19457196 2963.33933258 2425.17834396 1648.43804858 778.946082858 1157.09031627 1995.36512949 2431.16309613  2150.0923236 729.538210103 275.356133035 3541.52523639 568.557824676 1343.81546352 489.875494386 3403.31382626 156.540729524 451.367920881 41.7731971484 1753.91704479 1667.54700084 3679.80284798 2717.84565419 2598.49379449 2970.83102852 2638.65571835 584.701633314 1043.66134354 3040.92157084 3092.12709959 1215.24524274 2938.92106053 1921.69976843 1888.34318915 1847.22738178   2007.311635 1395.10322199 2485.84573134 3485.97547324 2787.68757216 3129.83481992  755.56402773 820.870879006 1756.16172376 2752.73536687 3358.31505371  1715.7744607 3114.38886461 279.216761675  3716.3522438 1457.11118313 1726.27836689 1861.31055979 1330.31011422 3477.91259235 143.377125093 3434.13235039 1159.61588468 2182.90311283 2640.17366853  1867.0749851 739.530256311 2350.61353693  2730.8555436 1720.75593853 1072.74833955 2953.62624582 3766.39668649 1379.09571822 1585.72034104 3530.36881926 1110.85417585   2903.221831  2091.4975496  3225.8141608 3365.33029583 1299.12470533  377.66122385 2489.47946366 2916.23455847 753.558226018 3267.77875628 1981.08884203 2335.17879401 1760.29827018 1093.00320219 264.775376499  1878.1655944 1545.95504462 1209.14722015 2471.06555963 1136.81045034 2127.07992328 597.435352151 302.001655625 1185.28055751 2220.90837272 1483.46418898 1962.23749837 1314.65775014 1342.73228903 2442.27864913 2669.52823548 1771.86709434 2368.57974322 1891.85438129 3366.48897221 1845.76108963 1159.88318377 1340.16155743 2099.28797453 3491.57743721 2751.59044918 1550.00516128 3441.72238857 1929.94015451 1716.65080899  1459.5838448 1513.00033047 3642.66893912
 515.197049681 2096.84644168 1063.53091163 1572.46812368   1499.724308 1792.84020481 617.602623051 1042.56846298             0 876.949257369 1232.82804965 420.030951241 2279.85898687 1805.04986081 2044.12132712 1924.90259494 2433.52665899 2075.76323313 2499.85319569 595.614808412 506.909262097 1507.19408173 1520.14505887 1947.76923685 30.1496268634 1156.74759563 293.955778987  1316.1413298 944.005296595 784.022958848 2571.56703199 822.246921551   1968.427037 330.001515148 620.789819504 2396.31487914 715.667520571 528.564092613 1407.30416044 1328.43516966 2583.76972658 2015.01588083 1161.21488106 2841.28580048 2336.00706335 73.7563556583 1173.48370249 2467.96799007 683.231293194 1473.40490022 2695.29682966 902.594039422 1360.23711168 932.640337965 1534.82800339  1220.0598346 535.414792474 661.396250367 970.275218688 941.281041985   532.2029688 1292.35792256 2449.71059515 1869.98636359  927.47506705 1149.80433118 1627.55184249 870.900683201 1041.15512773 1498.87457781 329.236996706 613.292752281  1288.7734479 906.368578449 834.880230931 1090.48704715 1834.83296242 2281.79972828 1074.36492869 635.940248766 1249.05764479 2093.26945232  1598.5596642 641.813835937 1238.37474134 663.618113074 1167.52087776 1395.12759273 1220.15162992 416.058890062 1286.39651741 2510.24182102 1274.07574343 547.266845332 606.884667791 2372.50416227 1194.80626045 593.619406691 1072.50081585 1189.84032542 1065.19200147  2650.8293042 1713.52327092 1555.93605267 1955.02480803 1654.84530999 582.485192945 466.904701197 2092.24114289 2178.24998565 1027.38697675 2190.29906634 1141.08588634  1115.5612937 813.172798365 978.699647492 1254.53736493 1534.73711104 2458.67362617 1864.04533207  2282.5303941 1277.05912158  724.22372234 921.099886006 1831.18458928 2409.31546295 909.140803176 2347.15338229 1288.55927299 2678.65133976 817.655184048 1453.11802686 1136.80253342 734.320093692 2436.50589985  966.97983433 2401.06809566 642.548052678 1150.46295029 1649.81514116 929.078037627 906.696200499 1308.47735938 1688.83895029 1063.82047358 194.494215852 2142.38768667 2748.61073999 1484.34834187  1029.5630141 2495.98177077 434.605568303 1870.98102609 1048.95424114 2259.55792136 2518.85867011 827.313725258 1214.52418667 1493.44199753 1875.29224389 309.698240227 2232.19376399 940.400978307  1314.5725541 927.015102358 550.967331155 879.207029089 1115.27081913 503.390504479  1352.8710212  1431.5816428  726.25684162 1112.11510196 445.252737218  889.41553843 413.759592034 1180.85265804 771.417526376 1149.61950227 522.227919591 704.963119603 1587.09293994 1677.18633431 807.081160727 1389.57727385 943.331330975 2416.14341462 1022.22355676 1151.04300528 1218.96431449 1056.71992505  2488.3938595 1709.80378991 1295.50955226 2575.56595722 965.497799065 1583.22487348 1535.09478535 871.661057981 2609.08259739
 582.068724465 2886.16510269 664.687896685  2448.6404391 805.449563908 2668.07271265 1436.55455866 952.502493435 876.949257369             0 708.830727325 834.200215776 3064.23448842 2638.35497991 2917.60175487 2689.06712449 3152.99793847 2766.10502331 3132.74991022 669.481142378 389.344320621  2023.2315735 2017.00991569 2621.83084885  867.55115123 753.047807247  1133.0322149 1007.12064818 907.243076579 614.950404504 3393.34245251 946.878028048 2834.33396056 1184.92067245 1388.03602259 3087.11726373  1158.9391701 620.918674224 550.840267228 518.123537392 3289.84163753 2833.95853886 1960.60908903 3475.13006951 3037.29106277  806.22577483 1317.35796198 3297.45993152 385.648803965 2225.01820217 3555.03600544 1658.66572883 484.814397476 1611.45958683 2180.43688283 897.825150015 1409.82161992 1453.10873647 1071.85166884 1810.27346001 1332.89759547  763.09697942 3259.67881853 2714.60070729 1084.26288325 2019.30928785 845.697936618 129.321305283 601.108975145 631.050711116 975.157935926 1119.49274227 515.139786854 1782.15599766 657.371280176 1097.10254762 2549.54505746  3039.4279067 1085.08617169 684.505661043 1195.41833682 2939.41643868 2465.17849252 1452.81967222 511.409816097 376.091744126  2039.9178905 1913.79335353 2058.51062664 533.877326733 1023.53895871 3158.39864488 715.545246648  1419.3988164 594.418202951  3026.4870725 1080.93385552 796.843773898 993.986921443 836.301381082 775.898189198 3304.22759507 2457.57156559 2149.30523658 2667.02268457 2431.05758879 1014.14841123 458.519356189 2891.38184957  3000.9126945 264.370951506 3064.02513045  1099.5694612 1992.46304859 1386.53885629 1713.19730329 470.752588947 2347.60857044 3122.98382961 2687.14737221 3134.63379041 574.679040857 182.043950737 1005.97465177  2656.3819379 3201.41109513 949.252864099 3217.72978977 1022.06898006 3289.75698191 1671.87559346 782.416768736 2012.54068282  524.16981981 3020.80403204 1003.10816964 3044.73972615 396.590468872  1670.3667262 2417.76963336 1205.59114131 232.228335911 1935.63452129 2293.79183886  1930.7516671 726.088148919 3006.25897088 3433.41302497 614.271926756 684.514426437 3130.71956585 537.336021499 2537.00019708 1685.01186939 3038.02732048 3368.60579469 1629.70917651 806.357861002 2260.02322997 2486.73782293 859.148997555 2868.94841362 1621.33586897 2045.43125037 1802.00693672 416.082924427 1022.80252248 1992.21409492 1218.25530986 475.936970617 1974.28923919 1489.94798567 1562.28038457 757.555278511 1066.51769793 1271.06766146 1844.33755045 1638.69612802 1158.81361746 1392.62988622 562.491777718 2446.69900069 2441.34430181 1166.91902033 2182.20003666 1782.85445284 3206.89460382 1068.70248432 287.088836425  419.15390968 1686.80556082  3210.4093197 2262.87008023 603.510563288 3416.95595523 1792.95566036 815.838832123  673.37062603 1729.02776149 3244.57947969
 721.501905749 3328.10156095  189.70766985 2702.98668143 1386.17819922 2926.72940328 1850.23782255 516.567517368 1232.82804965 708.830727325             0 925.989740764 3511.47262555 3021.26629081 3184.38581205 3157.62331509 3661.70028812 3295.04112266 3700.18445486 1311.86051088 796.157019689 2633.38508388 2634.36975385 3160.77522137 1241.06808838 1454.38990646 1369.84123168 355.810342739 554.415908863  1307.4559266 3789.93007851 708.875870657 3138.54902782 1559.14078902 1481.30516775 3617.25310146 1759.79345379 1242.01167466 959.438377385 1041.63573287 3809.42685978 3237.88233264  2393.5799548 4043.77175419 3559.63425087 1186.84497724 2004.30062615 3681.91322548 1059.83583634 2704.04678214 3870.40695535  2130.0950683 730.988372001 2133.64500327 2732.26426248 1602.42846954  1726.4634372 1892.93634336 732.609718745 2129.15875406 1475.84721431 1436.22978663 3674.35286819 3076.01625483 1757.96046599 2207.76470667  1325.5165031  837.79770828 1305.92534243 959.341440781 1122.50167038 1693.85507054 388.659233777 2067.31347405 1355.43719884 663.853146411 3059.69491943 3514.47933555  1782.7689138  1337.9555299  1901.6540169 3295.25507359  2773.8464269 1874.64183246 307.527234566 1042.24757136 2336.19862169  2520.5658095 2439.61574843  823.66012408 400.281151193 3716.92359351 53.8516480713 1670.43048344 638.253867987 3580.71347639 554.098366718 760.384771021 542.262851392 1539.90032145 1484.59859895 3860.24053655 2943.89283093 2728.04692042 3179.80077992  2887.6706876 979.686684609 1020.24751899 3321.59750722 3398.25484624 928.472401313 3326.32965895 1803.09178912 2249.05002168 1952.68148964 2201.52538028 1045.33870109 2762.82047915 3671.20593266 3085.85482484 3474.98489205 261.963737949 674.985185023 1688.56447908 3052.13662866 3639.38154087 1636.01466986 3496.00915331 396.590468872  3870.2625234 1843.68788031 1384.48871429 2238.74272751 1211.33356265 3613.38207224  648.17050226 3605.33341038 1055.59698749 2270.05638696 2882.47619244 1859.61743378 483.662072112 2493.61624955 2868.90118338 2115.16926037 1177.94948958 3314.93137184    3969.08075  935.17538462 1392.86216116 3697.07587155  1104.7864047 3080.41052459 2232.68089973 3491.83519084 3712.32137617 1719.81423415 156.262599492 2725.81180568 3060.81721114  1024.7809522 3432.47141285 2142.54171488 2540.07755787  2092.6863119 1028.79832815 748.636093172  2242.3148753 1704.56710047 775.064513444 2572.62764504 1557.25399341 2183.50749941 852.587238938 794.212188272 1505.06478266 2380.60328488  1848.9445638 1859.01317908 1640.42829773 1241.36859957 2777.42632666 2909.67712985 1795.32086269 2621.97635382 2166.32522951 3646.46376645 1760.94633649  802.61136299  992.39357112 2237.61033248 3717.19423759 2861.90006814 1223.62821151 3778.49242423 2193.51703891  1321.2070239 1016.81512577 1902.33961216 3811.12175088
 262.864984355 2435.42706727 739.432214608 1777.99043867 1598.69102706 2001.88760923 984.161064054 636.387460593 420.030951241 834.200215776 925.989740764             0 2619.39325035 2108.78472111 2259.38265905 2281.93952593 2805.80291539 2462.37791576 2898.51410209 883.529852354 468.018162041 1926.55236108 1939.98376282 2340.71634334 443.897510694 1363.74374426 450.564090891 933.643400876   536.6563146  1025.0004878  2876.4528503 403.068232437 2212.77314698 692.408116648 584.131834435 2779.63109063 1124.10764609 800.186228324 1381.55311154 1348.75424003 2960.01216214 2330.31092346 1513.88044442 3237.67586395 2716.22918768 421.343090604 1547.80683549 2765.73389899 833.072025698 1845.30214328 2944.54699402 1289.32307821 1265.68439984 1341.34261097 1939.61980811 1462.19013811 816.407373803  1042.9443897 550.276294238 1210.02644599 558.463964818 1459.82224945 2767.25495753 2157.60538561 1291.12818883 1290.09146963 1673.52830869 889.504356369 1221.89443079 1452.13807883 196.573141604 1025.85476555 1092.13598054 1143.19289711 1083.02954715 671.681472128 2215.95351937 2637.60649074 1410.48147808 925.199437959 1578.14859883 2374.63702489 1848.90913784 1012.52604905  1021.8267955 807.493034026 1411.68587157   1814.724497 1533.85527349 316.077522137 895.675164331 2905.16023654 974.917945265 746.081094788   305.0983448  2766.9409101 783.757615593 187.216452268 662.616027576 1418.34339989 1305.28923998 3043.42734429  2084.3070791 1968.97968501 2335.53848181 2009.64499352 209.239097685 620.633547272 2423.57855247 2487.26456172 1063.94830701 2401.94754314 1467.16086371 1323.11035065 1233.19746999 1371.06710266 1292.07197942  1865.4672337 2849.64594292 2177.86064752 2551.45154765 1041.90306651 652.216221816 1265.52795307 2143.45632099 2741.79083812 1239.80038716 2570.64680577 898.463688749 3080.90132916 925.739704237 1563.15386319 1314.79351991 945.659558192 2844.81089002 549.228549877 2797.87955423 796.553827434 1570.48559369 2009.55019843 1319.28010672 752.023935789 1719.48626049 2099.10576199 1197.52077226 506.851062937 2389.17328798 3131.15394064 1432.75538736 1245.28952457 2894.24618856 648.999229584 2266.97419482 1462.40110777 2603.27486063  2788.6672444 830.668405563 869.496981018 1857.24661798 2282.89837706 117.239071985 2631.89760439 1348.49545791 1699.00470865 1169.04277082 702.285554458 459.309264004 1316.54889769 918.629413855 1274.91254602 1850.03027002 677.011816736  1529.9235275 82.6801064344 471.400042427         581.0 1587.42968348 924.394396348 1490.14932138 716.069828997 936.026174848  1855.0132075 2038.49846701 1206.49658101 1739.94626354 1267.95898987 2749.52450435 1364.34050002 1119.01117063 1244.65256196 1470.83003777 2859.09251337 2126.00776104 1387.67611495 2857.21437768 1302.49760077 1639.09639741 1499.32051277 984.837550056 3006.44141802
 2790.40946816 183.967388414 3337.27688393  1160.5434072 3344.33999468 1054.76300656 1662.51015034 3239.91512235 2279.85898687 3064.23448842 3511.47262555 2619.39325035             0 572.658711625 965.167861048 385.659175957   410.4789885 564.163096985 828.073064409 2446.41656306 2759.83224128 1366.52295992 1407.36633468  683.39446881 2273.76559918 2861.40000699 2171.81329768 3551.37226998 3141.93905097 2605.66095262 431.335136524 2981.15095223 805.452667759 1952.33193899 2212.77857003 540.014814612 1971.55902777 2466.00182482 3489.73265452 3357.25974569 544.096498794 349.356551391  1118.9374424   988.5312337 478.217523727 2330.85670945 2185.84011309 421.882685115 2721.42683165 843.938978837 881.776615703 1406.18810975 3530.80387447 1467.53023819 1023.29077002 2793.38164238 1804.14300985 1626.60382392 3090.01375401 1435.62146822 2158.81101535  3041.8763946 265.241399484 601.641089022 2228.83041078 1601.83550966 3553.40203186 3002.59304602 2861.04823448 3597.20002224 2431.55300168 1973.53616638 3542.69163208 1528.64809554 2608.04486158 3229.29233734 606.934098564 169.567095865 2384.52783586 2451.32637566   2465.059837 529.144592715 954.857057365 1639.42489916 3503.08563983 2718.97039337 1294.34771217 1415.55501483 1090.24079909 2694.38081941 3509.73574504 766.548759049 3553.62631688 1899.72261133 2877.22644225 705.028368224 3371.60570055 2805.34578974  3258.4040572 2819.33059431 2725.37648775 804.052858959  628.43058487 1145.86212085 533.974718503 633.228236894 2661.51873937 2606.91330888 206.518764281 297.321374946 3099.50592837 983.524783623  2447.5497952 1432.49223384  1721.7598555  1352.0658268 3272.10284068 754.302989521  679.07363371 480.936586256 598.083606196 3547.58579882 2956.16254628 2319.56935658 515.707281314  144.31216165 2374.97115772 926.174929481 3512.89567166 988.366328848 1861.85418333  3285.6799905   1500.433604 2646.49296239 1007.61599829 3124.65438089 755.683134654 2694.44335624 1556.96756549 647.426443698 2069.23681583  3160.3982344 1233.03609031 1041.44995079 1665.04564502 2365.45661554 756.482650165 732.984310883 3590.95600084 2772.96177399 819.073867243 2526.90106652 751.039945675  1427.7170588 45.4862616622 651.805185619 2073.14374803  3481.2701705 804.493629558 938.139648453 2507.14977614 768.596122811 1457.34861993 1029.35416646 1500.42127418  2651.0786484 3006.14836627  1449.7282504 1847.21222387 3506.72282908  1340.9403417 2202.15349147 1706.17613393 2679.21574346 2991.26478266 2054.96958615 1267.01539059 1801.28509681 2380.46928147 1928.11436383 2596.84808951 890.665481536 625.633279166 2019.60119826 890.914137277 1351.48251931 146.840049033 2345.96589916 3281.54186321 3262.16875713 1430.97868607 421.541219811 1182.70875536 3208.14868733 594.004208739 1319.46996934 3498.37047781 3613.49982704 1820.29667912 858.611087746
 2301.45975416 411.691632171 2840.91270545  604.69248383 3023.75131253 553.831201721 1202.93058819 2713.71332311 1805.04986081 2638.35497991 3021.26629081 2108.78472111 572.658711625             0 585.311028428 444.212786849 916.668424241 815.986519496 1249.61153964 2070.03478232 2303.77516264 1282.81136571 1329.57211162 835.014969926 1803.73390499 2551.80328395 1658.22947748 3031.96454465 2617.49746896 2250.58770102 768.666377566 2452.05322128 400.824150969  1475.4504397 1662.70412281 989.853524518 1637.75486566 2073.76011149 3106.29425522 2986.99263474 1074.01350085 231.905153026 691.104188961  1492.7692387 913.705641878 1863.82322123 1964.19780063 662.924580929 2325.61260746 581.292525326 955.164907228 1009.38050308 3117.85471118 1129.13639566 920.779018006 2509.71970547 1295.29070096 1186.56900347 2552.21570405 901.414998766 1617.22756593  2732.1087094 662.073258786 121.235308388 1942.91147508 1029.52659023  3217.3883819 2593.07867216 2524.37576442 3210.56412489 1915.61687192 1612.47542617 3090.55496635 983.250222476 2263.84628453  2691.9221757 652.494444421 669.794744679 2120.43038084 2082.86461394 2233.80975018 318.025156238 388.857300304 1185.64918926 3042.93756098 2318.96226791 733.497102925 1285.40188268 584.931619935 2220.40581876 2986.86273538 1207.75535602 3066.29189739 1370.43058927 2383.05728005 1100.42582667 2838.97041196 2291.44081311 2729.34882344 2524.44865268 2416.32303304 1290.21432328 526.510208828 1074.17782513 687.451089169 392.703450456 2130.21782924 2181.12012507 367.983695291 378.726814472 2709.85110292 681.874621906 2192.49127706 866.071590574 1394.59850853 983.961381356  2902.7464581 313.338475135 1120.70736591 95.1314879522 522.809716819 3082.09101099 2511.70957716 2025.48759562  66.211781429 662.872536767 2073.35139328 738.204578691 2990.29396548 1438.88359501 1301.92357687 2966.05815857 929.888703018 2274.65975478 1361.67690735 2592.36667931 1152.12195535 2293.97406263 1336.53357608 433.096986829 1791.41089647 2706.92907185 1036.90693893 1036.04826142 1094.49211966 1917.89389696 488.937623834 1269.38095149 3201.47481639 2448.34740182 1241.22520116 2107.38439778 848.005306587 1139.69206367 576.601248698 742.412284381 1509.14180911 2977.72597799 514.388957891 1037.38517437 2001.16815885 1080.62296848 1119.41100584 743.593975231 955.389972734 2236.98725969 2471.21063449  882.39333633 1431.32141743 3099.64594752 1222.62218203 1644.12469114 1481.31191854 2174.57697036 2453.01059924 1531.88054365 1003.20785483 1248.55196127 2134.78804569 1399.87606594   2225.703035 318.567104391 442.191135144 1710.92051247 500.849278726 862.160657882 672.630656453 2073.27229278 2878.74017584 2885.28698746 1147.89285214 948.945203897 1190.53349386  2864.9279223  779.59284245 846.128240871  3163.8157342 3233.61485029 1257.39174484 1315.60670415
