             0 1699.54641008 1845.72289361 942.327437784 2709.40620801 1440.00138889  1315.0285168 1751.11221799 1226.92827826 1379.02320503 1953.64735815 542.652743474  744.45281919 1288.50455956 511.165335288 1371.31250997 1957.14715849 876.812408671  1267.4651869 956.013075224 2104.90308566 1759.07276711 2015.96254926 658.599271181 2052.03508742 1051.49274843 462.179618763 2477.99778047 844.618256966 1615.00495355   1136.866307 806.975216472 1648.90266541 2229.00358905  1738.8286287 1491.35944695 1043.19173693 2487.11439222 2392.41405279 379.032980095 1641.03869546 1195.00669454 2875.23025165 1519.57000497 1646.79719456 576.667148362 1203.00665002 1728.66017482 861.975637707 2216.63641583 1523.49630784 1977.13176091 32.3109888428 1545.38571237  1114.0166067 2651.00886456 1512.54917275 2503.45061865 1782.80256899 1058.64677773 948.052741149 2002.19129955 1472.76135202 961.208094015 1023.51648741 1443.41608693        1040.0 1690.90892717 1598.87866957 2350.78072138 2454.85030093 2217.76869849 1863.41326603 1561.88667963 1637.89254837 2456.49913495 1238.29318015 1254.18738632 740.762445052 1224.05432886 1723.77289687 1365.71190227 2029.07269461 1859.22698991 215.872647642  2526.1215331 2317.27965511 2507.64850009 1830.70805974 2142.09336865 2315.87953055 1361.81202814 924.876207933 2431.33564117 2400.62408552 2036.65436439  1832.8821566 2406.53485327 1271.76924007 1650.45842117 2595.65791275 2045.23446089 1674.89701176 1307.35840533 1224.60115956 1749.92228399 769.041611358 2047.85204544 2361.77602664 807.595195627 2388.91188619 1768.55930067 1954.93350271   2013.193483  1150.3964534 806.043423148 740.557222637 1918.11287468 2649.76923524 1181.07747417 2426.66293498 2098.83443844  2415.3165424 2298.00087032 463.061550984 2170.08110448 1529.62805937 1750.40481032  2763.9473584 825.561627015 2546.50682308 809.587549311 2325.17203665 1540.12109913 1410.59171981 1848.66573506 379.325717557 1839.90543235 2471.10420663 1285.19648303 1282.78642026 744.766406332 1071.82554551 1932.90299808 2206.23208208 1404.29519689 1055.14217052 2490.52946178 1412.80607303 2096.78921211
 1699.54641008             0 1118.21330702 1352.73537693 1157.35560654 552.240889468 2851.39860419  972.27568107 2573.67927295 1824.22175187 2632.05243109  1580.8257336 1022.09588591 1561.11818899 1234.60277012 2436.57792816 1266.94001437 1973.03269106 1871.16701553 1195.76460894 617.450402866 853.993559695 349.481043835 2191.60329439 1348.81651829 2499.33451142 1244.43400789 1145.96553177 2041.42352294 331.308013788 767.323269555 2332.32609212 1803.43949164 1449.67065225 76.2954782408 1685.68235442 2233.03582596 1090.55765551 1052.90502896 1477.53849358 713.740849328 1111.32938412 1299.14010022 2432.89477783 1892.52344768 1903.02417221 782.092705502 2417.84780332 1872.63237182 628.007165564 2577.45320035 2658.87194126 1714.82069033 499.384621309 1051.69244554 1195.88711842  1661.6368436 1508.41274192 988.710776719 1107.68091073 2336.08090613 585.849810105 2466.28627698  1171.0478214 708.454656277 2254.14995065 893.663247538 208.655218003 1335.14980433 679.223085591 1019.15258916 777.568003457 1124.98222208 1649.04942315 715.358651307 772.814337341 503.745967726  2638.7512198 1107.71160507 476.160687163 1919.61584699 2751.47396862 630.125384348 2564.83079364 1484.64574899 922.644026697  2739.2073671 1292.01122286 667.204616291 1376.11409411 616.370018739 1873.58533299 1640.50297165 733.878055265 717.864889795 2505.53247834 2024.96839482 1314.15219819 1783.41386111 1762.12967741 1212.44628747 389.011567951 2451.42448385 494.659478834 1885.25488993 1117.79515118 930.576702911 997.101800219 1335.06104729 1177.02166505 715.492837141 909.927469637 822.433583945 1138.66676425 606.169943168 1286.97630126 2335.34258729 1071.46301849  1156.0557945 2290.90244227 755.463433926 672.487918107 717.275400387 857.952213121  1901.6540169 888.960066595 2585.51348865  2556.4109607 1064.95868464 889.207512339 894.429986081 2269.03547791 743.269130262 695.071938723 2535.09861741 1861.22674599 2046.20282475 579.829285221 830.119268539 992.501889167 1774.13443685 2126.96802985 1565.39196369 2125.78550188  1253.1727734  2586.1479076 668.243219195  1293.1036308 518.047295138 2656.43162908
 1845.72289361 1118.21330702             0 975.980532593 2130.10445753 1544.69576293 2533.54711817 2042.99902105 2141.06188607 1075.21346718 1769.96638386 1413.48399354 1545.48277247 863.495801959 1626.25981934 1842.20547171 2349.18624208 1569.41167321 1199.55199971 1918.96013507 806.181121089  1938.2394073 1073.16820676 2012.40801032  2439.1238181 2165.14433699 1453.47755401 2233.96195133 1672.34476111 792.879562103 1575.44977705 2107.11271649 886.239809532 2555.49369007 1061.81165938 849.456296698 1783.86210229 2162.29623317 2145.18297588 1477.60109637   414.3971525 1962.77558575 2229.64436626  1744.6220221 992.461586158 1688.23991186 1640.83698154 1604.54136749 1466.58276275 1655.56032811 1940.90391313 1793.88098825 1841.08799355 1545.32909116 1865.31123408 2231.69375139 809.376303088 2626.45502531  130.13838788 790.212629613 1996.11848346 1695.83283374 1818.60743427 1897.64591007 1347.23902853  1555.2250641 1651.37669839  910.61847115 415.326377684 1220.69857049 2081.89937317 1863.50234773 17.7200451467 763.466436721 1780.78213154 1326.64275523 960.133844836  2221.5996489 1674.56860116 1148.55735599 982.947607963  2312.9210968 1739.88649055 1729.06506529 1690.26920933 1878.26009913 1747.92047874 2396.86879074 483.389077245 2477.27854712 1383.14894353 1141.99168123 1195.97867874 1499.68863435 1570.66387238 1565.08466225 1055.95927952 2430.77539069 1100.09635942 837.264593781 2279.17463131 1057.17027957 1678.60805431 1375.45374332 1243.04344252 2171.68529028 1303.23367053 2112.57686251 2453.25763017 1809.52728634 1247.69747936 1991.01607226 1938.19142501 2242.23571464 954.706761262 1061.80271237 2178.08447954 114.542568506 2173.40332198 1768.68001628 1261.80267871 729.043894426 1481.37267425 1935.47952715  1763.1860367 2001.28883473 1948.35751339 1776.72170021 1657.25375245 1382.44602065 1278.40212766        2005.0 1754.07696524 1728.85684775 1954.22209587 851.000587544 2046.53976262 1695.63704843 1204.92032932 561.103377284  1082.8111562 1851.29144113 1025.89716834 1134.00396825 2368.56179991 2031.70470295 1311.71109624 2400.60825626 1492.15615805 1733.40012692
 942.327437784 1352.73537693 975.980532593             0   2508.490582 1433.77857426 1607.40318526 1918.81239312 1262.12836114  579.61538972 1362.82537399 444.640304066 994.975879105 383.589624469 933.694275446 1083.99492619 2206.56701688 654.171995732 560.136590485 1407.21355877 1486.93846544 1862.62449248 1552.05412277 1039.95576829 2307.94562328 1237.23724483 689.255395336 2432.33632543 743.341778726 1102.67492943 1263.86391673 1143.82253868 757.525577126 2467.15747369 1349.96666626 592.703973329 905.402672848 2399.90270636 2337.45245941 564.684867869 921.831329474 1563.02591149 2651.86726666        1090.0 787.904816586  714.54880869 1350.59246259 1130.76301673 547.727121841 1977.89433489 1225.17019226 1389.94568239 929.215260314 1500.94636813 1454.00137552 2528.00019778 602.886390624 2653.60509496 950.268383142 257.623756669 1065.80908234 1869.67617517 1115.71725809 1394.86271726 1011.79296301 921.095543361 1260.39239922 1230.65023463 665.024811567 1842.54959228 2339.62326027 2087.98108229 993.307605931 642.234380892 1699.67673397 1958.81214005 871.112507085 1335.61858328 1105.95931209 1008.26286255 854.908182204 1441.40001388 1909.83690403  1281.5802745 846.718371125 2275.30063948 1597.20005009 2534.54571866 1135.04405201 2377.62591675 1900.16446657 602.100489952 290.394559178 2028.48712098 2045.44102824 1323.01625085 974.002053386 2496.82298131 497.001006035 746.545377054 2521.72421172  1564.1691085 1138.71726078 1234.55457555 557.606492071 1992.65777293 766.156641947 2125.18352149 2484.27554832 1250.01959985 1879.24692364  1898.5734118 1975.44121654 2177.64666555 775.425689541 163.636792929 1205.33895648 1070.07756728  2497.2184526  944.51521957 1909.27420765 1448.15365207 2009.72261768 2172.80118741 787.551268172 2134.05365443 1233.22544573 1241.39034957 2301.38480051 896.395560007 1989.58538394 1048.66820301 2093.92454496 1610.23228138 1183.81164042 938.185482727 1080.83902594 1771.30601535 1909.06390674 473.240953426 496.026208985 893.793040922 240.950202324 1083.60740123 2353.34166665 1238.63231025 1005.74350607 2527.07142756 1382.61780692 1439.05872014
 2709.40620801 1157.35560654 2130.10445753   2508.490582             0 1273.03181421  3953.0608394 1166.13892826  3707.4596424 2974.30210302 3776.69326263 2701.13938922 1966.84722335 2710.95739546 2201.18604393 3591.31842086  1237.0485035 3115.97207946 3027.15873386 1918.13581375 1350.24034897  1077.9652128 1059.45693636 3279.10917781 1236.46674035 3615.01217149 2293.77767013  448.65688449 3177.50499606 1448.88267296 1585.05299596 3426.33112819 2924.63501996 1183.62536303 1170.15426333 2820.84331362 3376.13047734 351.140997322 460.895866764 2565.45044778  1787.5374122 1710.28798745 170.073513517  3590.2190741 3019.94387365 3014.74061903 1534.31580843 3567.67991838 3018.41017756 530.653370855 3733.65250124 3803.22599907 2731.49226614 1165.62815683 1726.27720833 218.929212304 2793.16111243 967.142698882 2014.26041018 2265.02384093 3457.90717053 707.494169587 3623.19748289 1898.46912011 1694.65630734 3410.98578127  1700.5557915 1309.95915967 2435.88526002 974.104717163 315.569326773  499.26746339 2130.50815535 2773.33373397 1127.16369707 910.042856134 1644.44762762 3768.38426915 1996.55328003 1551.50797613 3038.20292278 3882.94952324 683.059294644 3712.94344153 2497.13535877 251.920622419 3848.80877675 629.003179642 1649.01485742 1179.64825266 761.162269165 3025.92960923 2794.61374791 667.587447455 569.303082725 3631.29797731 3135.41464563 799.071961716 2938.03829111 2880.27168857 355.508087109 1073.05638249 3605.38957673 1406.84043161  3042.2442374 1285.04085538 1980.12045088 872.277478788 884.137998279 1992.12148224 964.166997983 1104.70267493 847.578314966 1047.19530175 1745.23637368 2433.88167338 3408.84041868  2046.7420453 140.032139168 3441.38373333  973.28156255 1435.41492259 682.445602228 428.553380572 2994.14094525 625.870593653 3741.70870058 3710.40765954 766.060702556 1893.20733149 1062.82124555 3375.86285266 414.566038165 1212.40133619 3688.21976026 2952.75007408 3082.28648896 878.208403513 1089.53659874 2139.81027196 2928.16410059 3242.22038116 2722.73465472  3229.2494484 961.433305019 3736.50117088 1669.24084541  655.07633143 1296.93677564 3788.40401753
 1440.00138889 552.240889468 1544.69576293 1433.77857426 1273.03181421             0 2712.11209208 513.078941295  2509.1283347 1989.41825668 2792.93573145  1504.4799766 695.662274383 1741.32133738 929.753730834  2464.2309145 819.702994993  1951.1852808 1993.04791714 704.159783004 1169.28054803 433.849052091 880.034658408 2034.45447233 916.176838825 2391.40481726 1046.87057462 1054.98293825 1994.22566426 783.992984662 314.230806892 2184.59904788 2054.35439981 1057.04162643 628.074040221 1910.17931095 2205.05804912 1052.48752962  964.75126328 1336.24623479 1132.75769695  572.15469936 1440.78901995 2509.59140101  2125.9419089 1797.05230864 279.708777124 2563.08134869 1865.32838932  810.05987433 2616.89606213 2820.12942965 1463.28397791  109.01834708  531.74147854 1212.43721487 1896.82919632 1220.01516384 1416.72050878 1243.60323255 2244.41885574 566.294976139 2519.29077321 680.694498288  455.48435758 2350.38422391 437.378554573   719.9784719 1650.71045311 1178.61359232  1015.8277413 778.122098388 1555.51695587 1901.57881772 267.865637961 1249.85759189 632.223061901 2561.92310579 725.275809606 446.431405705 2170.36517665 2678.04424907 590.338885726 2713.89627657 1230.46535912 1107.90703581 2979.82767958  1121.2158579 1159.74135047 970.756406108 1041.15032536 2024.34186836  1689.0660141 1125.37504859 1056.00378787 2721.09628643 2286.27316828 1065.89023825 1922.40604452  2021.1454673 1165.56767285 922.598504226 2572.11897081 201.161626559 1991.10120285 628.986486341 751.471223667 692.353955719 1050.55509137 738.220834168 1210.42141422 476.447268856 552.478958875 753.116192895 695.844810285 1313.59430571  2154.2425583 1526.07896257 1209.77063942 2294.03487332 1250.40193538 1221.09540987 1114.26119021         858.0 1757.81967221 744.472967944 2624.73808217 2674.23353505 1476.19815743 643.132956705 1399.36592784 2146.07082828 908.007158562 189.907872401 2548.54330942 2159.10189662 1816.02312761 400.049996875 1345.62104621 1233.44476974  1918.2087999 2024.00518774 1672.84966449 2394.83986939 921.355523129 2582.43238053 444.496344192 1110.03828763          55.0  2853.7198531
  1315.0285168 2851.39860419 2533.54711817 1607.40318526  3953.0608394 2712.11209208             0 3062.66583224 438.621704889 1545.72474911 1495.00301003 1272.77492119 2031.81347569  1684.4916147 1809.04671029 860.466152734  3271.8827913 966.033125726 1390.71780027 2269.01410309 3088.99870508 3063.37738452 3111.92625234 677.693883697 3366.23766244 370.741149591 1665.98019196 3765.36279793 867.165497469 2666.01069015 2426.45028797 527.773625715  1856.4751547 3543.32513326 2869.93884952 1779.28328267  759.68480306  3764.1129101 3676.35050016 1387.63179554 2528.95946982 2509.45910507 4112.57887462  1073.5255004 1780.61702789 948.782904568 2499.82499387 1387.34638789 1071.19092603 3436.01353315 893.035833548 1503.27974775 1285.59402612 2811.25256781 2428.91683678 3920.11479424 1820.43538748  3817.8691701 2535.39444663 1857.37368346 542.121757542 3255.85779788 964.577627773 2275.22504381 2265.30571888 1182.89898132 2342.33814809 2778.36948587 2142.70599943 3423.86594364 3723.34929868 3477.39011329 2549.38914252 1882.13973976 2932.59339152  3538.6144181 2348.75839541  359.76937057 2049.17959193 2406.65348565 1849.28878221 340.647912073 3287.74755722 1422.10302018 1500.47625773 3746.78555565    1951.05023 3809.71770608 2742.12326492 3456.74991864 3448.47241543 1482.71372827  1344.3630462 3573.74831235  3568.9875315 1745.29911477   1896.345169 3716.24460982 1477.73509128 1891.19142342 3877.66166652 3130.84333687 1273.83672423 2552.09129931 1335.91167373 3064.93066806 1974.20490325 3352.56946237 3674.12166374 2122.62337686 3461.56034181 3076.49053306  3248.3806735 3326.49244701 2246.85558058 1603.26978391 575.013912875 2640.00549242 3909.55764761 820.314573807   3494.293777 3053.91584691 3555.82592375 3560.68139546 958.954639177 3455.00448625 891.687164873 1267.10891402 3874.16894314 2070.29369897 3585.52102211 582.494635168 3550.08802708 2833.81174392 778.578833517 2047.73069518 946.845288313 3108.83257832 3505.29314038 2080.39082867  1496.5924629 728.964333833 1507.90251674 1941.08680898 3519.47723391 692.870117699 2287.05596783 3793.96164978 2676.89540326 1690.00739643
 1751.11221799  972.27568107 2042.99902105 1918.81239312 1166.13892826 513.078941295 3062.66583224             0 2909.72936886  2485.5753861 3281.63678673 1928.99196473 1044.76600251 2242.91105486 1255.63211173 2910.44051649 307.657276852 2385.94090455 2478.67908371 829.072373198  1566.4281024 127.769323392 1229.96788576 2391.33958274 403.100483751 2769.38206104 1436.37321055 797.602031091 2415.86961569 1261.40596162 671.700081882 2542.85135232 2563.83345793 549.651707902  1045.6658166 2417.22671671 2630.90497738 847.313401287   734.0878694 1735.81796281 1628.75719492 591.338312643 1331.98836331 2974.39556885 2633.03797922  2194.0685951 586.904591906 3049.18940048 2308.70526486 888.682733038 3065.88404869 3308.75807517 1779.28356369 497.679615817 645.777825572  1024.2431352 2405.26942358 762.270949204 1913.63972576 1744.80056167 2635.70597753 609.540810775 2975.04554587 815.551960331 908.865226533 2823.83002321 727.248238224 1171.21688854 2163.66471525 1457.57332577 854.058546003  707.67506668 2052.81587094 2411.79849905 262.606169006 1495.01638787 1145.20565839 2954.56934256 1013.57042183 957.486814531 2679.40011943 3070.42358641  595.42421852 3199.91765519 1563.01791416 1098.56633846 3484.85480329 773.631049015 1629.34649476 461.235297869  1260.4062837 2516.88895266 2158.09035955 1299.51875708 1194.71921387 3222.63013702 2796.06240989 656.210332134 2413.32654235 2531.53095972 926.702757091 1272.10769984 3050.98443129 709.461767821 2472.27708803 155.544205935 1185.68503406  320.75535849 611.584826496 950.589290914 1480.80045921 74.2428447731 326.914361875  268.16785788 1205.72384898 1786.68967647 2490.36162033 2015.60834489 1056.90349607 2732.47616641 1517.07119147 1632.35535347 1295.37176131 752.192794435 2134.00093721  540.26845179    3073.53217 3151.27672539 1625.73706361 1059.41965245 1667.58058276 2521.36669289 935.733402204 323.210457752 2987.30530746 2671.73370679 2128.57933843 458.050215588 1633.05419383 1745.81671432 2410.39519581 2414.98592128 2159.63793262 2905.11066915 459.027232308 3012.80550318 913.070095885 752.930939728 568.071298342 3350.93076622
 1226.92827826 2573.67927295 2141.06188607 1262.12836114  3707.4596424  2509.1283347 438.621704889 2909.72936886             0 1120.16516639 1089.69032298  1009.3587073 1864.98391414 1280.60337341 1663.88370988 426.821976941 3147.31028022 608.894900619  968.53549238 2165.58952713 2747.26955357 2893.00017283 2805.58585682 585.918083012 3245.73581796 220.517572996 1475.06643918 3561.63614088 532.301606235 2355.54240038 2248.00355872 465.026880943 1424.99438595  3420.7440711  2582.9490897 1357.00036846 360.879481268 3548.93801017 3469.57115506 1177.10874604  2177.1818941 2395.28244681 3860.84446721 644.896890983  1345.9606235 716.069828997 2328.19329094 959.694222135 714.658659781 3180.99009744 487.165269698 1101.35598241 1194.72381746 2600.63069274 2303.10051887 3695.63810458 1398.82522139  3671.9373633 2154.41732262 1519.18464974 279.658720586  3026.9795176 538.045537106 2167.11282586 2053.88242117 744.524680585 2182.62433781 2477.10556901 1739.49705375 3103.48336551 3500.44240061 3249.90415243 2156.18644834 1459.80443896 2749.25317132 3219.55851011 2071.26652075 82.6619622317 1908.69850946 2157.29321141 1413.25864583 179.426865324 3062.29211539 1009.66925278 1368.84915166 3488.20827933 1543.90155127 3626.84683989 2389.62277358 3331.70301798 3150.18681986 1055.39423914 979.778036088 3277.65037794 3284.68339418 1322.29648718 1458.09190382        3551.0 1060.28769681 1461.41917327 3666.61710573 2820.33420006 849.150752222 2332.44785579 916.013646187 2933.48956023 1757.74514649 3179.30448369 3517.95579847 2006.65517715 3140.40841293 2913.46408936 3058.50813306  3177.5898099 1968.95327522 1291.02013927  597.00083752 2250.67500986 3676.99061734 388.032215157 3170.89892617 2705.05175551  3259.1822594 3334.63596214 783.526004674 3251.96017811 487.878058535 855.641279977 3560.87236503 1869.75533159 3251.37663152 421.375129783 3296.79602038 2650.92436708 359.346629315 1612.76160669 923.818705158 2894.98480134 3170.84736309 1726.48342013 1078.97080591 496.284192777 1125.20087096 1502.54750341  3368.5482036 286.122351451 2068.68653981 3613.75179004 2468.00486223 1282.33926868
 1379.02320503 1824.22175187 1075.21346718  579.61538972 2974.30210302 1989.41825668 1545.72474911  2485.5753861 1120.16516639             0 811.372294326 838.119919821 1572.19496246 263.372359977 1491.51768344 774.029069222 2778.11158883 663.132716732 157.889201657 1981.63669728 1796.70921409  2422.2468908 1952.84664016 1190.01260498 2879.16116256 1199.31063532 1241.61386912 2948.47519915 767.070400941 1527.03961966  1839.3156336  1228.3387155 321.846236579 3035.11185955  1804.6628494 239.039745649 790.675660432 2905.53076046 2853.52869269 1040.86166228 1233.35680158 2142.41079161 3105.01948464 671.257029758 278.869144941 925.428549376 1925.69208338 593.707840608 597.053598934 2449.90530429 865.794432877 838.465860963 1356.74057948 2047.28356609 2033.44682743 3019.52926795 281.442711755 3207.37431554 1120.61590208  747.56671943  1048.1474133 2380.08928404 743.497814388 1970.24668506 1584.11773552 481.087310163 1839.66328441  1665.2525334 659.893930871 2195.57760054 2838.77878673 2590.90737002 1087.90900355 340.917878675  2257.1444349 2310.44606083 1388.57372869 1202.82043548 1679.54755812 1550.17031322 358.175934423 1278.86199412 2422.30819674  740.86031072 1346.62615451 2730.40454878 1017.91649952 3066.13633095 1427.58992711 2946.14341131 2300.63925899 67.6239602508 454.964833806 2428.00864908 2466.86298768 743.587251101 457.184864141 3042.23158224 107.517440446 349.502503568 3028.01337514 1954.65111977  636.22716069 1788.36489565 215.353198258 2565.75076732 1345.75257756 2675.08149409 3035.69580162  1821.7917005 2228.86181716 2461.08126644 2518.33953231  2740.0220802 1304.19822113 734.804055514 1341.50363399   1189.468789 2980.10234724 732.606988774 2252.09458061 1736.52325064 2408.90369255 2674.18417466 1048.35919417 2660.35054081 873.215322816 740.599756954 2654.80884434 1475.86754148 2301.34308611 1113.50482711  2563.5697767 2171.32448059  886.13542983 528.547065076 1376.75306428 2301.79343122 2222.73457705 834.504044328 96.6022774059 982.464248713 347.311099736  554.07309987  2910.6743205 968.002066113 1574.63964131 3060.95213945 1936.48186152 865.355418311
 1953.64735815 2632.05243109 1769.96638386 1362.82537399 3776.69326263 2792.93573145 1495.00301003 3281.63678673 1089.69032298 811.372294326             0 1472.91887081 2321.98621874 1072.38519199 2201.29598192 684.084790066 3568.28207966 1078.48875748 803.334301521 2715.35504124 2550.65187746 3223.92385146 2741.04669789 1504.90032893 3669.76647758 1283.58599244  1954.7981993 3759.76023172 1129.00398582 2327.81549956 2623.78066919 1456.69660534 884.959886097 3829.87271329 2609.49056331 960.013020745 980.300464144  3716.0861131 3664.82864538 1696.99145549 2009.50391888 2898.95722631 3903.06097826 471.314120306 779.939100187 1389.03599665 2710.68792007 235.983050239 1096.12590518 3255.48967131 604.752015292 27.2029410175 1924.61164914 2854.51659655 2791.66921393 3827.92711529  991.58307771 4012.66357922 1847.10828053 1556.54007337 1218.57047396 3191.29440823 562.910294807 2707.33318969 2374.15416517 510.580062282 2610.47773406  2466.7989379 1378.74036715 2960.40605323 3648.61233896 3401.42205555 1778.34333018 1021.97064537  3059.9767973 3072.62135643 2199.38627803 1152.17533388 2415.87354802 2357.72538689 788.241714197 1155.14025122 3233.58284261 94.6414285606 1991.52529484 3530.49175045 456.132656143 3877.03404679 2187.69330574 3740.26870692 3084.47272642 769.910384395  1144.2945425 3210.09921965 3257.12910398 297.477730259 734.804055514 3850.56047868 870.600367563 933.638581037 3838.56040724 2739.13307453 281.570595056 2592.44826371 814.411443927  3353.5870348  2116.2355729 3481.70532929  3841.9380526 2550.51367375 2991.48290986 3260.79560844  3327.0102194 3539.93248523 2113.54725521 1500.40261263 1599.11381709 1881.66229701 3786.81198371 835.149088487 3011.00066423 2482.19660785 3191.05374445 3484.45720307 1517.23037143 3471.53136238 605.194183713 235.747746543 3412.67299928 2247.25832961 3043.12093089 1357.18900673 3368.23529463 2971.88912983 730.441647224  951.31750746 1804.66783647 3112.46558214 2967.30483773 1639.75607942 875.358783585 1303.76876784 1122.03030262 695.632086667 3713.97926758 807.701058561 2368.56686627 3871.59618245 2740.76139056 195.164033572
 542.652743474  1580.8257336 1413.48399354 444.640304066 2701.13938922  1504.4799766 1272.77492119 1928.99196473  1009.3587073 838.119919821 1472.91887081             0 896.880148069 752.927619363  738.44837328 987.486708771 2186.60947588 458.423385093 734.991156409 1259.36690444 1839.90570411 1900.92740524 1840.42739601 636.965462172 2287.30234119 918.656083635 504.731611849 2554.08006922 490.065301771 1397.02720088 1258.61392015 764.196964139 1107.41862003 2458.19710357 1597.53090737 951.758898041  703.07680946 2539.86653193 2461.58343348 224.200802853 1303.31577141 1463.72299292 2856.49032906 1082.74881667 1104.19246511 324.722958843 1342.25966191 1239.64914391 393.286155363 2177.03674751 1144.41469756 1498.17555714 522.245153161 1593.46320949 1361.47163026 2686.31494803 974.922048166 2689.22684056 1376.53950179 639.613164342 757.450988513 2017.67440386 1063.88439222 1254.34484892  1049.1377412  967.64559628 1209.82974009 1506.36814889 1107.51297961 2156.51988166 2491.08369992 2240.60036597  1431.0195666 1026.63820307 1751.32064454  2270.3700139 1077.30868371 1067.70126908 969.146531748 1149.72040079 1181.12023097 1182.79203582 2052.93351086 1380.60892363 523.279084237  2486.0382137   1802.759274 2625.04876145 1512.42983308 2368.09881551 2175.72286838 824.623550476 383.191857951 2300.98348538 2297.60658077 1520.57258952 1290.53051107 2557.46163217 731.317304595 1110.61829627 2657.86831878 1860.41715752 1204.79375828 1324.17899092 697.200114745 1969.95126843 754.053711615 2183.62313598 2529.75295237 1093.45781812 2194.47032334 1925.72947217 2056.05471717 2196.85684559 975.091790551 361.809342057   796.9121658 1502.41439024 2668.22506547 805.029192017 2228.23360535 1813.77672275 2283.05278082 2325.30428116 358.421539531 2245.01670372 1151.80293453 1292.89172014 2603.35802378 872.811548961 2326.01053308 690.611323394  2292.3745331 1653.98458276 1059.22471648 1309.07944755 636.295528823 1886.60647725 2246.40601851 878.927755848 741.620522909 546.158401931 531.919166791 1391.33389235 2384.73227009 1084.11484631 1061.64071135 2613.01913502  1461.7253504 1597.37315615
  744.45281919 1022.09588591 1545.48277247 994.975879105 1966.84722335 695.662274383 2031.81347569 1044.76600251 1864.98391414 1572.19496246 2321.98621874 896.880148069             0 1369.16982146 234.341630958 1884.32905831 1291.03253251 1355.12730029 1527.92735429 415.616409686 1532.80951197 1033.66774159 1363.74081115 1355.54601545 1391.34539206 1727.14243767 394.623871554 1737.63085838 1376.97131415 1036.39423001 395.379564469 1506.93231434 1734.05478576 1563.45930551 1075.89265264  1571.4786031 1592.80789802 1743.68919249 1650.66198842 693.541635376 1211.00041288 577.041592955 2133.54751529 1969.29962169 1777.19582489 1149.51511517 468.359904347 2086.04218558 1286.42450225 1483.28722775 2041.17931598 2348.49568873 768.157535926 801.616491846  470.46891502 1906.72336746 1572.98728539 1806.95351351 1442.27632581 916.100976967 1591.13858604 1259.35380255 1958.08886417 401.383856178 313.643109282 1835.51191769 317.694822117 1069.72005684 1466.99863667 1699.04679159 1710.46894155 1473.67431952 1561.34717472 1599.26107937 900.991675877  1794.8888545 662.872536767 1910.08481487 129.541499142 561.708999394 1839.50672736 2026.02986158 1285.33030774 2234.06915739 536.962754761 1790.12848701 2589.83493683 1778.09139248 1348.14613451 1473.58406615 1626.70710332 1587.80918249 1177.71388716 1733.46502705 1689.01450556 2312.93947175 1959.66655327 1690.18933851  1482.2310886 1714.45880674 1853.49885352  1399.1461682 2070.17728709 575.701311445 1509.34224085 1074.83673179 253.584305508 1322.40538414 1654.00483675 271.977940282  1735.9614051 1050.55033197 1217.36806267 1312.61037631 617.881865732 837.427011745 1466.46684245 1578.18281577 1905.41045447 1701.38825669 1775.59708267 1549.98064504 1718.90313863 1553.63637959 1090.80887418 1428.42360664 2048.59561651 2165.24201881 2077.30329995 167.074833533  1909.7457946 1479.33025386 1588.94335959 802.312283341 1954.85677225 1891.03807471 1121.44638748 1095.47158795 1840.64173592 1041.77732746 1484.07176376 1370.30689993 1225.98694936 2070.45598842 1503.67350179  1975.2683362  354.45874231 1762.67779245 669.991790994 2419.15708461
 1288.50455956 1561.11818899 863.495801959 383.589624469 2710.95739546 1741.32133738  1684.4916147 2242.91105486 1280.60337341 263.372359977 1072.38519199 752.927619363 1369.16982146             0 1317.19474642 985.085783067 2539.23866543 736.046194203 345.079700939 1783.77717218 1547.11247167 2175.03218367 1692.06412408 1232.97404677 2639.77650569 1321.40720446 1072.63134394 2687.83351419  843.09904519 1264.00356012 1608.07991095  1300.7586248 374.342089538 2792.46790492 1541.29069289 209.773687578 927.286902744  2643.7038412 2592.95294982 921.907804501 978.457970482 1928.67337826 2842.00158339 914.280591504 408.030636105  929.89085381 1693.54568878 857.033254897 642.907458348 2186.57197458 1095.53868028 1099.36800026 1270.98387087 1795.11141715 1819.45293976 2756.63635614 224.902200967 2956.06106162 890.705899835 498.205780777 1157.10673665 2119.23807063 974.343881799 1770.41379344 1350.03185148 725.000689655  1618.5981589 1402.08024021 459.200391986 1941.00231839 2576.43668659 2329.04143372 878.027903885 273.791891772 2009.16699157 2056.42991614 1131.71816279 1361.89940891  1484.0232478 1298.56882759 472.128160567 1450.62090155 2161.67065021 1003.71958235  1217.7294445 2467.22070354    1243.54051 2808.08564684 1177.82851044 2704.10206908 2040.57687922 317.238080942 404.108896215  2168.2548282 2205.24465763 979.992346909 591.798107466 2787.92431748 245.326313305 366.563773442 2766.17931451 1694.81208398 897.394004883 1540.19024799 382.523201911 2329.04787413 1130.77362898 2422.87308789 2783.59228336 1629.06414852 1974.89240213 2215.49136762 2263.94633329  2493.8211644 1050.56175449 547.220248163 1394.82651251 975.201004922 2716.88884572 905.249136978  1999.2311022 1490.31338986 2149.15285636 2412.12022918 1036.36383573 2401.64110558 1103.30866035 1002.15018835  2401.4122928 1258.19712287 2053.91455518 1190.50409491 2300.20368663 1925.58692351 1096.34529232 562.584215918  1358.3004086 2044.48526529 1974.64325892 571.196988788 230.531993441 1043.78972978 225.268728411 702.095435108 2661.39361989 1171.09222523 1337.17500724  2803.4202325 1687.73368752 1114.35048347
 511.165335288 1234.60277012 1626.25981934 933.694275446 2201.18604393 929.753730834 1809.04671029 1255.63211173 1663.88370988 1491.51768344 2201.29598192  738.44837328 234.341630958 1317.19474642             0 1717.50167394 1483.50160094 1188.28026997  1426.0105189 521.310847767 1710.40726144 1254.62384801  1569.0012747 1135.82084855  1581.8552399 1515.10692692 250.319795462  1967.6933196 1197.00710106 1210.78197872   625.8282512 1287.36358501 1690.51767219 1756.93853051 1283.28835419 1525.73556031 1412.36008157 1975.96963539 1881.64103909 518.663667515 1331.82055848 735.611990114 2367.83973275 1821.18560284 1720.41768184 954.132590367 693.703827292 1965.99084433 1131.45039661 1715.83478226 1874.67143788 2227.16411609 535.763007308 1035.92519035 639.841386595 2139.94626101 1533.51393864 2015.09925314 1535.29313162 917.385960215 1386.64559279 1493.69340897 1799.80554505 517.348045323 532.353266168 1701.93419379 533.496016855 1261.10943221 1487.88742854 1905.63060429 1943.87756816 1707.85011052  1643.0596459 1567.80100778 1128.51849785 2005.14388511 827.113051523 1704.37202512 244.902021225 762.444096311 1788.48790882 1819.63760128 1519.61639896 2110.57740915 308.753947343 2023.41592363 2500.31138061 2002.08616198 1491.02984544 1668.03177428 1845.74429432  1497.6548334 1065.45858671 1955.56564707 1915.40126344 2219.63262726 1907.30306978 1907.48630401   1393.879837 1677.17768886 2084.78536065 1602.40132301 1938.88885705 806.634985604 1399.83213279 1270.26375214 346.446244026 1543.83677894 1867.12613393 355.584026638 1943.09289536 1267.53461491 1445.52308871 1521.49991784  760.84821088 770.080515271 1239.85523348 1673.47811459 2139.37864811 1530.26337602 1982.22324676  1719.3871001 1940.50715021  1787.6134929 882.181387244 1659.30889228 1881.79595068 2029.34595375  2296.3808482 345.927738119 2111.98035029  1267.1740212 1822.23077573 1030.34411727 1780.12499561 1864.02816502 889.396424549 1329.34946496 2040.48278601 1087.37114179 1398.53101503 1167.59967455 1145.42568506 2016.45431389 1714.01575255 1793.33460347 569.231938668  1985.7807029 904.305811106 2313.07695505
 1371.31250997 2436.57792816 1842.20547171 1083.99492619 3591.31842086  2464.2309145 860.466152734 2910.44051649 426.821976941 774.029069222 684.084790066 987.486708771 1884.32905831 985.085783067 1717.50167394             0 3173.10084933 529.998113204 642.888792872 2238.00022341 2519.52475677 2875.28520325  2626.1776406 838.735357547 3273.99236407 602.608496455  1491.7506494 3495.70093114 530.005660347 2180.04885266 2238.74987437 776.047034657 1050.06761687 3444.06518521  2433.6156229 1011.76924247 330.854953114 3470.18673849 3401.46100963 1199.51990396 1945.66852264 2449.24580228 3735.70729581 220.510770712  960.40251978 795.766925676 2323.78075558 534.059921732 601.770720458 3060.66937123 157.203689524 699.496962109 1339.87835269 2544.55202344 2348.11094286 3604.33433521 1054.18641615 3667.42375517 1875.68574127 1334.58795139 537.447671871 2940.49587655 121.490740388 2234.79417397 2014.33363671  332.18067373 2196.16074093 2311.23884529 1428.52966368 2900.47444395 3413.46510162 3161.28138577 1855.75025259 1111.52687777 2720.45621174 3016.82780417 1949.03463284 501.278365781 1954.05450282 2068.01958405 1020.66497931 542.166948458 2979.18277385 597.452090129  1457.9591901 3359.20585853 1130.73825442 3583.22829303 2152.23093556 3353.88043913 2975.93682729 706.412061052  796.72956516 3104.48465933 3126.51531261 898.245512096 1051.56692607 3527.57423735 742.781933006 1091.46736094 3591.04023926 2635.05483814 426.279251196 2273.35874864 602.649151663 2956.29261069 1726.19031396 3152.98271483 3504.71967495 2072.78460048 2935.85864782  2903.2864137 3016.05520507 3177.45967716 1850.09675423 1164.13916694 919.065286038 1955.56053345 3576.53253865 190.709202714 2962.89672449  2467.5104863 3085.55667587 3246.39030309 910.428470557 3191.37117866 164.438438329 448.746030623 3361.90556084 1851.05645511 3027.58732327 682.068911474 3176.81869171 2624.97942849  112.20071301 1222.62872533  1158.7346547 2828.52929983 2947.59054144 1505.97343934  759.70059892 654.596822479 887.921167672 1086.69222874 3363.11076237  196.43064934 2020.36556098 3573.22445419 2417.45423948 871.089547636
 1957.14715849 1266.94001437 2349.18624208 2206.56701688  1237.0485035 819.702994993  3271.8827913 307.657276852 3147.31028022 2778.11158883 3568.28207966 2186.60947588 1291.03253251 2539.23866543 1483.50160094 3173.10084933             0 2645.02268421 2764.96672674 1004.30473463 1845.94366111 413.879209432 1500.83243568 2609.91225906 101.592322545 2995.65852527 1685.62777623 807.758627314 2667.89148955 1564.70124944  945.41525268 2760.56805748 2865.46627968 273.437378571 1338.43191833   2717.052079 2883.77530331 889.101231582 776.459915256 1984.01839709  1934.8180793 762.514262162 1389.49847067 3247.35492363 2932.72978639 2435.32544026 858.534798363 3334.57538526 2572.77457232 1082.59872529 3329.54050884 3595.32043078  1987.0362352 804.180328036 846.093375462 1055.54014609   2706.159271 564.873437152 2219.63330305 2041.86777241 2870.10888295 828.908318211 3242.84026742 996.971413833 1194.89455602 3102.18197403 976.946774395 1469.67819607  2470.3627264  1698.1946296 924.658315271 856.743252089 2358.79333558 2714.15124855 568.546392126 1721.47872482 1451.17366294  3187.5409017 1238.63150291 1262.00633913 2980.59759109 3302.56869724 802.382078564  3485.0035868 1783.86154171 1230.66039182 3782.43968888 707.157691042 1929.44266564  185.04323819 1485.20335308 2807.16743355 2436.38441138 1504.40486572 1390.10395295 3517.82916015 3097.84989953 541.299362645 2702.85330716 2833.97247693 932.481099004 1541.79797639  3331.9833433 1013.80126258 2756.03066021 216.898593817 1458.59178662 386.249919094 465.395530705 1150.02130415 1717.52409008 359.200501113 510.538930935 193.310630851 1509.03578486 2069.06186471 2696.96125297 2319.86637546 1108.66857085 2991.61912683 1751.36575278 1915.61191268 1503.34859564 873.721351462  2365.4295593 649.215680649 3337.05274157 3430.98003492 1806.79218506 1329.10533819 1898.72483525 2748.26290591 1101.83574093 629.858714316 3245.50704821 2976.64408353 2327.89196485 716.176654185 1872.57389707 2050.62063776 2700.67621162 2651.04130485 2447.47890696 3207.29122469 315.329985888 3266.23024296 1203.51235972 680.238193576 874.621060803 3643.04158637
 876.812408671 1973.03269106 1569.41167321 654.171995732 3115.97207946  1951.1852808 966.033125726 2385.94090455 608.894900619 663.132716732 1078.48875748 458.423385093 1355.12730029 736.046194203 1188.28026997 529.998113204 2645.02268421             0  509.73326358 1709.24574009 2140.82624237 2354.95583823 2197.54067084 527.970643123 2745.72540506 596.185373856 961.961537693 2993.57194669 107.424392016 1747.39835184 1714.76674799  570.16576537   983.8699101 2916.53510179 1979.28396144 868.765215694 260.247958686 2973.93644855 2900.12499731 669.855208235 1573.13953609 1919.27095534 3266.31734527 646.601113516 937.006403393 313.344857944 1799.04002179  858.15266707 106.780147968 2587.05952773 687.168829328 1101.49443939 847.209537246 2036.00024558 1818.13998361 3114.68906955 906.027041539 3145.12082439 1569.36452107 910.677220534 426.713018316 2447.00020433 613.176972823 1705.62627794 1497.64682085 570.201718693  1668.1966311 1870.23340789 1187.18701138 2494.60417702 2921.22748173 2669.40030719 1585.49329863 967.786133399 2202.88265688 2610.66811372 1473.33974358 681.488077665 1424.09585352 1572.95549842  1015.2797644 788.320366349  2484.0644114 983.892778711 937.358522658 2891.85234754 1461.88405833 3072.31850562 1786.13885239 2826.41893569 2543.00963427 615.574528388 378.993403637 2670.72892672  2680.3052065 1186.92923125 1099.11646335 3009.99169434 569.277612418  1007.0019861 3093.47700816 2211.84628761 798.598772852 1765.03427729 452.866426223 2428.34676272 1205.49782248 2635.62098944  2984.3166722 1543.77783376 2531.54893297  2381.1346035 2503.65432918 2653.55384343 1371.64572686 686.400757575 678.516764716 1674.80058514  3091.8533277 346.733326924 2562.12665573 2100.60610301 2652.18287454 2754.48870029 443.921164172 2686.36036302 694.436462176 873.909034168 2952.03065702 1327.71683728 2643.74299053 457.200174978 2703.21012872 2106.31740248 601.372596649 1191.60605906   755.2800805 2325.17784266 2563.22375145 1122.44821707 587.180551449 319.494913888 543.773850052 1178.99703138 2840.62317107 631.256683133 1506.73322124 3061.19862146 1906.32132653 1229.24570367
  1267.4651869 1871.16701553 1199.55199971 560.136590485 3027.15873386 1993.04791714 1390.71780027 2478.67908371  968.53549238 157.889201657 803.334301521 734.991156409 1527.92735429 345.079700939  1426.0105189 642.888792872 2764.96672674  509.73326358             0 1929.68209817 1890.75461126 2422.62192676 2024.20478213 1037.64203847 2866.44378979 1042.06765615 1176.01105437 2978.49307537 612.071891202 1587.92096781  1820.6693824 1071.88105683 479.120026716 3026.66037077 1857.67300675 388.897158642 633.884058799 2940.85871813 2883.46059449 949.152253329 1320.03787824 2103.55722527 3162.96838429 572.923206023 427.276257239 784.543816495 1907.55891128 570.629476981 451.453209093 2499.09683686 750.461857792 830.393882444 1243.28596871 2057.93998941 1995.45007454 3061.65510794 430.470672636  3213.0516647 1233.82373133 769.818809851 890.271868588 2412.13473919 629.363170197 1920.00651041 1570.86536661 386.380641337 1809.91160005 1724.11165532  786.80429587 2281.55429477 2877.11139861 2627.01846206 1213.24729548 491.798739323 2259.38929802 2397.33518724 1413.36548706 1051.08039654 1628.00030713 1562.69926729 505.668863981 1130.77362898 2453.40987199 721.443691496   1254.800781 2786.83081654 1075.61191886 3087.46578928 1521.69642176 2937.01617292  2373.8546712 106.018866246 362.215405525 2502.01938442 2534.19020596 794.106416043 593.839203825  3054.3532867 100.184829191 507.382498713 3063.18331152 2029.03031027 584.071913381  1793.2478914 57.7234787586 2550.37095341 1314.94980893 2683.66652176 3043.24465004 1766.81464789 2315.88946196 2458.70901084 2531.87697173 2737.78304473 1322.86053687 698.204841003 1186.96967105 1312.75473718  3025.9638134 582.686879893 2340.97436979 1834.90871708 2482.94381733 2711.18350541 910.763416042 2684.40533452 758.236110984 688.393056328  2742.5726973 1446.00553249 2398.02773128 956.880347797 2614.00478194 2170.29053355 754.777450644 684.322292491 1237.94184031 2322.90335572 2318.58750104 896.929205679 116.811814471 828.181743339 320.203060573 681.329582508 2913.21128654 832.483633473 1565.66950536 3080.85458923 1941.48010549 891.325417566
