             0 2793.17203194 2096.96256524 1655.27550577 2250.91803494  2118.3401521   1514.527319 685.123346559 2586.12625369 2735.58129106 589.896601109 2971.07724571 365.262919005 2002.76433961 1022.78247932 1432.64405907 635.649274364 2103.71576027 2630.06958083  2439.5518031 2938.50046793 1326.70192583 854.279813644 406.975429234 2415.12256418 2869.24049184 350.406906325 3096.38515046  1783.0549627 2740.50086663  1831.6074907 560.508697524 2057.08774728 360.005555513 2459.63920118 1681.04967208 2535.00177515 521.070052872 1182.68888555 2093.77171631 659.757531219 1005.33775419   1499.881662 1796.08045477 2035.26607597 874.982285535 2858.44730579 2949.66184503 979.681580923 93.3488082409 2608.80988192 662.700535687 2078.84583363 1301.39348392 2691.00204385 3156.41267898 1882.63910509 1578.64657223 1948.04543068 1979.20312247 1258.34216332 2361.19058951 1298.25883398 1708.92627108 1797.81116917 607.645455838 1661.37683865 2010.53550081 1059.74525241 974.483452912 1456.78275663 1791.10049969 1040.53543909 1260.05714156 1695.99115564 1452.14909703 1459.53588514 1761.21350211 438.001141551 1525.01540976 371.517159765 2311.22867757 2109.90236741 709.930982561 1917.97731999 1655.45039189 2872.21604341 403.317492802 779.637095064 653.694118071 1296.85658421 2777.77788889 1723.09401949 509.345658664 3179.24299166 1638.84105392 778.807421639  970.78627926 1877.16408446 2718.80304546
 2793.17203194             0 992.504911827  1157.3076514 725.403336083 1114.03455961 3132.02187093  2870.7239505 955.590393422 1100.63845108  3275.0138931 1787.50160839 2456.24530534 2058.96600263 1921.13143746  1673.6681272 3405.50730435 1322.88245888 195.274166238 1196.73597757 1395.18636748 3844.07492123 3234.61837007 2397.80754023 1224.22424416 836.909194596 2459.28139911 1721.73894653 3936.83845236 206.526027415  2444.4025855 3337.74774361 2143.40663431 2818.25513394 402.851089114 3583.40647987 260.230666909 2910.06322955 1641.22058237 1096.44972525 2150.59294149 3446.95952979 1371.87207858 1012.47469104 2301.69198634 2682.32511079 1560.45153722 202.299283241 3745.60248825 2861.61073523 188.098378515 2785.06193827 780.565179854  1629.9622695 773.052391497 1397.00572655  2662.6453012 3860.38922908 1223.20276324 821.112050819 2926.30569148 436.285457012 1718.21127921 1345.49507617 2064.31126529  2892.2456673 3475.20431054   2078.937469 2158.12186866 3695.24721771 1344.45602383  2764.9783001 1766.90011036 3087.83192548 3469.76483353 2534.15488872 1479.63948312 2365.01268496 2381.63494264 2425.98145088 2770.87801969 1593.10514405 1065.22579766 2151.63286831 1364.65856536 1834.86511766 826.658938136 2390.04707067 3471.41988241 3408.60235287 1626.07533651 387.865956227 1070.07896905 3301.70031953 1305.71206627 1784.83892831 3564.87545364  3750.8148448 2415.04140751 101.980390272
 2096.96256524 992.504911827             0 571.686102682 267.738678565 155.540991382 2156.37589488 2003.54735407 505.969366662 688.044329967  2479.9923387  1205.8424441 1823.19088414 1085.25987671 1096.86462246 748.182464376 2647.73148185 370.793743205 798.314474377 479.129418842 971.518913866 2960.08952567 2359.57665695 1691.28856201 478.235297735 772.295927738 1746.56033391 1243.29602268 2982.65334895 1083.25112509 1453.61136484 2657.25008232 1175.23869916  2024.4307842 930.421947291 2613.92042725 780.385802024 2080.07932541 933.312916443 120.813906484 1441.37295659 2567.60822557 609.584284574 513.471518197 1326.85794266 1777.10157279 1000.25046863 1052.41674255 2970.01346798 2144.74287503 879.793725824 1921.34952572  339.69986753 800.350548197 594.831068456  1141.1332087  1671.8044144 2927.35665746 232.045254207 516.256719085 1968.37623436 653.701001988  838.68945385   412.1468185 1073.43793486 2042.12952576 2501.73000142 1105.91003251 1250.09119667 2890.94621188 746.750292936 1772.47425933 1083.07063482 2135.80242532   2493.297014  1552.1034115 638.978090391 1372.86306673 1757.42112199 1438.92320851 1974.84809542 720.118045879 95.3519795285 1391.48625577 372.361383605  845.24552646 775.265760885 1719.10470885 2665.16828737 2639.21958162 803.196738041 775.578493771 668.644150502 2580.63809939 1131.82419129 797.819528465 2870.16741672 2990.40900213 1426.24857581 980.152029024
 1655.27550577  1157.3076514 571.686102682             0 622.791297306 682.068911474 2091.34454359  1723.1300009 1064.91783721 1255.85030955 2118.41379338 1754.45176622 1339.58948936 1343.85787939 775.652628436 642.652316576 2254.57690044 822.868762319 982.426078644 1042.35310716 1543.00486065 2696.23162952 2086.88212413 1252.39051418 1035.85423685 1287.61251936 1312.87775516 1807.09711969 2840.37251078 1144.16257586  1589.4153013   2210.192978 1440.58356231 1661.10354885 886.053045816 2518.08756798 897.149374408 1754.11658678 484.384145075 642.293546597 1001.19978026 2299.42101408  251.82930727 144.837840359 1557.72815343 1556.75463706 1560.35444691 1299.77921202 2592.36282183 1717.81751068 981.510061079 1637.12217015  427.83291131 507.006903306 1104.63070752 1709.86841599 1793.09369527 2741.02207215 585.328967334 337.440365102  1852.8248703 721.068651378 623.349821529 453.442388843 1243.77811526 1739.74078529 2421.07579394 1364.31374691 1052.54596099 2538.50448099 202.338824747  1848.2640504 616.292949822 2001.09395082  2423.6841791 1538.08322272 394.167477096 1492.88579603 1267.90930275 1461.00136892 1613.62325219 1182.83768963 637.931814538 994.670297134 686.911930308  953.73214269 1287.68086108  1256.2308705 2314.36751619 2255.49218575 499.299509313 1125.94715684 178.101094887 2159.65228683 1693.62953446 893.566449684 2433.29324168  2600.5001442 1582.73181556 1095.29585044
 2250.91803494 725.403336083 267.738678565 622.791297306             0 401.926610216 2414.69770365 2218.61262955 504.457133957  707.04526022 2671.20384845 1328.70011666 1951.76561093 1348.24812256 1286.22393074 978.358318818 2826.88556542 619.887086492 530.835190996 612.007352897 1025.15413475 3184.33321121 2579.00019387 1844.15210869 625.719585757 671.417157958 1902.42713395 1331.48225673 3232.78347558 818.073957537 1721.31635675  2810.3512236 1436.60502575 2212.47824848 686.134826401 2869.89337781 515.218400293 2281.70155805    1068.64634 377.973544048 1591.18823525 2789.24362507 753.276177773 509.223919313 1590.55336283  2005.8519387 1106.32951692 795.616113462 3156.67800068 2306.34819574 614.065957369   2134.689673 217.862341858 985.245654647  490.40799341 1148.52296451 1939.52004372 3169.41272163 497.800160707 411.418278641 2218.95763817 403.714007684 1047.94083802 640.519320552 1341.13123892 2250.99200354 2759.30879026  1368.7165521 1477.07955101 3087.11807354 823.077153127 2039.78552794 1213.96952186 2384.19630064  2752.1529754 1813.01654708  823.78698703  1640.5380215 1881.86104694 1702.37011252  2163.3337699  940.46903192 347.332693537 1559.94166558 640.069527473        1110.0 670.400626491 1859.51741051 2861.14697281  2822.3146529 985.032486774 543.398564591 648.734922754 2746.89734064 1111.83182181 1060.86756949 3029.27070431 3172.02553584 1693.66259922 712.765038424
  2118.3401521 1114.03455961 155.540991382 682.068911474 401.926610216             0 2069.03359083 1973.68513193 469.591311674 622.596177309 2469.96862328 1074.33933187 1864.06491303 947.776344925 1101.64104862 719.813864829  2647.0823561 219.146070008 922.872147158 363.760910489 875.416472315 2917.00822762 2323.49585754 1716.63857582 354.457331706 771.004539546 1769.20377571 1125.82147786 2907.41293937 1219.11853402 1332.63085661 2676.41868922 1035.19321868 2019.50117603 1079.82405974 2529.88082723 916.600785511 2062.76537687 983.761149873 40.8044115262 1471.73808811  2528.4376599 668.430998683 645.826602115  1190.4137936 1733.88609776 878.419034402 1154.33444027 2962.09334762 2160.18355702 1014.93251007 1893.73308573 495.181784802   817.6368387 608.362556376 1064.88684845 1550.67759383 2863.48389204 172.985548529 668.047902474 1895.19022792 800.296195168 831.305599644 409.414215679 953.420159216 2018.19126943 2414.98364384 968.096069613 1214.04983423 2875.11686719 837.635362195 1659.05816655 1132.58686201 2065.31668274 2404.09172038 1461.47117659 664.115953731  1256.4179241 1801.55044337  1342.3386309 1969.86953883 564.737992347  60.207972894  1408.5840408 270.085171751 749.632576667 776.170084453  1752.9683397 2650.26281716 2635.38782725 823.029768599 858.653014902 799.496091298 2590.37371821 1070.54425411 708.796867939 2884.17371183 2986.59220517 1301.70119459 1110.52104888
   1514.527319 3132.02187093 2156.37589488 2091.34454359 2414.69770365 2069.03359083             0 829.824680279 2461.04043039 2508.38473923 1255.07967875 2364.90190071 1671.11998372 1305.11761922 1382.92769153 1472.17661984 1479.88276563 1908.58193432 2937.10146233 2205.27231879 2546.09544204 1138.27984257 833.072025698 1465.63433366  2170.2027555 2777.74368868 1442.30717949 2538.49916289 863.195227049 3181.61122704 878.786094565 1761.37020527 1281.62435994  1154.8874404  2955.3179186 463.185707897 2892.43651616 1004.84078341 1718.38354275 2072.93535837 1505.23121148 901.048833305 1839.78803127 2215.81587683 1146.83259458  701.38790979 2372.12141342 3208.39461413 1595.69201289 1454.27954672 2990.26487121 857.394308355 2363.09987093 1589.07079767 2648.75159273 2781.93961113 740.519412305 892.103133051 1925.71233573 2394.41767451 280.845153065 2730.77608016 1468.00306539 1787.70243609 1175.96003333 911.071896175 345.950863563 1295.47288663 1055.92850137 1432.43882941 1986.43524939  577.66599346 1690.49371487   265.3469427 337.746946692 608.047695498 1702.16626685 899.934442057 1691.76003026 733.510054464 1145.12619392 1857.60087209 2102.88492315  1387.1427468 1799.31598114 1319.57303701 2786.10624349 1565.26866703 1293.56445529 1430.64775539 1598.66256602 2925.90720974 2254.54784824  1584.4090381 2857.43678845 1361.25713956  1827.0331141 1665.97869134 936.009615335 3100.92647446
 685.123346559  2870.7239505 2003.54735407  1723.1300009 2218.61262955 1973.68513193 829.824680279             0 2433.08713366 2542.62325168 564.131190416 2622.97731595 883.355534312 1563.95556203 949.868411939 1257.19250714 788.684981472 1889.21623961 2686.17869845 2229.01435617 2680.31807814 973.611832303 364.005494464 712.899011081 2198.39873544 2743.62552109 672.232846564   2772.682636 1216.54634108 2867.24484479 1284.55439745 994.038228641 1593.21059499 325.186100564 2604.41951306 1030.09222888  2612.5864579 185.224188485 1254.89641007 1961.04308979 847.316941882 576.522332612 1498.87724647 1866.26284322  1528.4744028 285.776136163 2556.70588844 2992.92849898 1037.05833973 625.139984324 2701.20806307 86.0348766489 2097.03838782  1242.8616174 2581.18616144 2913.46683523 1283.20224439 1061.23936979 1803.11092282 2059.29138298 582.127992799  2437.6482519 1170.80912193 1591.54673196 1367.27356443 88.1192374002 993.279920264 1565.67844719 760.106571475 921.140597303 1559.00801794  1166.0570312 1163.61505662 575.543221661  1024.0410148  880.36185742 1399.26159098 1236.72349375  919.99184779 987.300359566 319.269478654 1996.13226015 1985.01234253 775.486943797 1723.77637761 1328.57592933 2749.20152044 802.185140725 705.761999544 754.926486487 1245.83185061 2761.78637842 1848.86695032 831.471587007 2960.17904864 1336.61737232 1116.54870024  1081.3861475 1338.48907355 2815.36356444
 2586.12625369 955.590393422 505.969366662 1064.91783721 504.457133957 469.591311674 2461.04043039 2433.08713366             0 202.588252374 2937.15253264 861.148651511 2323.84379854 1225.98042399 1571.13748603 1185.97470462 3116.13045298 559.053664687 804.515382078  275.04545079 523.054490469 3364.36992615 2777.93322454 2183.05932123 309.535135324 318.276609257  2236.4547838 838.600023849 3314.88189835 1123.34589508 1655.88918711 3144.88553051 1294.10084615 2488.14247984 1096.02919669 2924.22382864 859.267711485 2527.96855202 1436.22909036 492.378919126 1936.11802326 2980.01359057 1113.67679333 980.612053771 1458.69290805 2185.09153126         632.0 912.484520417 3429.57154758 2629.12780214  937.18087902 2354.59486961 715.721314479 1284.74199745 208.798946357 650.307619516 1866.82002346 3287.93308934 642.246058766 913.448411242 2312.29799118 830.764707965 1300.74786181 878.002277901 1296.23223228 2480.62975875 2805.08003451 1243.20955595 1673.13627658 3340.02170652 1249.19373998 1996.51947148 1586.02427472 2484.89697976 2789.48041757 1855.64274579  1128.1072644 1596.23118626 2259.35300473 1727.54305301 2438.53275557 686.534048682  476.87000325 1876.81778551 709.677391496 1157.00691441  325.95091655 2216.18997381 3115.71067335 3103.93057268 1289.48439308 592.645762661  1131.2444475 3059.91895318 628.783746609 1128.08377348 3353.44747983 3455.01447175 1614.02664166 995.321556081
 2735.58129106 1100.63845108 688.044329967 1255.85030955  707.04526022 622.596177309 2508.38473923 2542.62325168 202.588252374             0 3061.10584593 688.366907979 2486.59204535 1233.09448138 1714.43080934 1315.57819988 3247.32890234 653.652048111 967.973656666  314.63629797  323.54288742 3455.04573052 2879.13754447 2336.21445933 347.070598006  322.51821654 2387.67669503 645.804924106 3368.86984017 1281.70043302 1672.53011931 3291.62649765  1289.3211392 2618.30574991 1279.69449479 2970.23248248 1035.00772944 2647.76452881 1605.05825439 652.571068927 2093.10415412 3076.87195054 1286.10497239 1177.71388716 1452.69714669 2284.85820129 460.089121801 1027.42882965 3553.65797454 2774.22655888 1105.68440344 2466.75758841 917.708559402 1437.81222696 328.105166067 454.041848292 1875.66654819 3356.00506555  788.74203641    1115.69261 2379.28560707 1022.23480669 1440.19755589 1029.21814986 1332.88859249 2595.04181084 2848.76675072 1248.12819854 1786.45598882  3457.3459474  1434.7937134  2015.0096774 1754.30128541 2552.67173761 2830.01501763 1910.60723332 1286.39651741 1623.09950404 2424.13902242 1778.54575426 2568.91027481 670.078353627 643.186598119 2025.76923661 827.613436334 1235.02591066 333.901182987 2374.72103625 3234.70137725 3232.51744001 1443.80746639  718.79412908 1329.66161109 3199.61278907 448.126098325 1214.68720253 3495.87013489 3582.59305532 1625.85362195 1152.11327568
 589.896601109  3275.0138931  2479.9923387 2118.41379338 2671.20384845 2469.96862328 1255.07967875 564.131190416 2937.15253264 3061.10584593             0 3179.49461393 944.826439088 2127.11941367 1386.17242795 1751.17931692 231.490820552 2408.76109235  3100.3548184 2750.69100409  3218.5085055 744.013440739 429.120029828 902.202305473 2721.73565946 3239.92978319 840.931031655 3325.59964518 1269.71689758 3244.15551415 1842.82934641 519.172418374  2157.3214874 459.184058957 2968.76556838 1267.46439792 3014.79087169 417.612260356 1634.05538462 2452.62838604 1132.70737616 482.197055155 1923.81521982 2263.07423652  2091.0404109 849.847045062 3104.52331285 3416.00658664 492.643887611 496.954726308 3096.13775533 619.427154716 2524.09706628 1686.89685518 3070.21986183 3448.74948351 1824.34755461 1043.51952545 2297.11841227 2453.90321733 1071.23713528 2838.79780893  1642.5644584 2070.93336445 1929.07672217  488.66859936  1285.2925737 2129.18411604 1278.69073665 420.304651414 1931.84109077  1694.2057136 1510.49793115 992.367875337 1328.41559762 1438.04624404 1849.28770071  1798.7709693 1012.37196721 1549.46506898 508.024605703 2543.75234644   2473.873481 1123.79713472 2234.40215718 1872.07318233 3244.56052494 943.886116012 199.859950966  191.67159414 1686.49844352 3212.05043547  2214.7868972 339.848495657 3489.01132128  1873.9866595 576.094610285 525.090468396 1897.89067125 3208.90323943
 2971.07724571 1787.50160839  1205.8424441 1754.45176622 1328.70011666 1074.33933187 2364.90190071 2622.97731595 861.148651511 688.366907979 3179.49461393             0 2790.07903114 1083.41358677 1974.07193385 1563.56675585 3390.33479173 952.491469778 1655.73971384 729.965067657 410.098768591 3433.31239476 2914.37986543 2602.18465909 727.714916708 970.808426004 2643.18992885 181.033146136 3217.23872288 1970.06725774 1486.48646143 3500.21970739 1087.58907681 2776.73333253 1957.14715849 2803.14180876 1718.58837422  2763.6067014 1977.04956943 1114.85425056 2386.42242698 3089.04451247 1697.22273141 1717.50778746 1218.62873756 2341.09418862 229.558271469 1701.68651637 3660.03551895 2989.56351329 1792.46896765 2560.61398887 1513.43979068 1758.44391437 1016.31884761 550.175426569 1643.00760802 3254.30868235 1181.45376549 1708.24968901 2311.29163024 1689.17524254 1709.30629204 1391.69429114 1263.33883024 2691.95560885 2678.07860228 1087.80558925 1926.95822477 3538.56383297  1895.0683365 1803.40039925 2114.83569102 2478.68110091 2649.25838679 1832.38123762 1641.72622565 1477.62139941 2739.23730261 1698.73953271 2730.13351322 662.089117869 1123.86654012 2288.41648307 1129.56318991 1321.26000469 982.255058526 2662.93015305 3328.23226353 3365.08662593 1768.73994697 1402.61541415 1872.19042835 3379.70190993 665.343520296 1332.95611331 3680.97935338 3702.72251188 1428.92582033 1840.47222201
 365.262919005 2456.24530534 1823.19088414 1339.58948936 1951.76561093 1864.06491303 1671.11998372 883.355534312 2323.84379854 2486.59204535 944.826439088 2790.07903114             0 1900.29313528 816.870246734 1226.85043913  1000.3484393 1879.84919608 2299.70019785 2204.22321919  2714.2299092  1666.9028166 1142.46094025 228.740027105 2183.09734094 2591.85377674 232.008620529 2900.77575831  2069.6994951 2393.76857695 1809.49191764 882.005102026 1967.94842412 599.654066942 2111.51367507 1913.41710037 2200.39473731 767.870431779 890.599797889 1835.42392923 403.832886229 1319.43055899 1214.63492458 1475.55345549 1975.40805911 976.619168356 2656.09224237 2619.56217716 1343.72058107 453.030904023 2270.11056999 829.028950037 1767.22409445 1053.65838866 2410.58685801 2921.99418206 1901.09573667 1882.36075182 1699.64996396 1651.77056518 1395.39958435 2028.80260252 1082.20377009  1459.2909237  1700.3070311 828.696566905 1873.96584814 1911.43192398 964.641384142 1338.91934036 1137.67350325 1837.76494689 741.456000043 1439.45024228 1902.52069634 1470.91808066 1200.32828843 1726.28155293 75.3259583411 1513.84444379 580.482557877 2128.60635158 1847.93858123 509.616522495 1692.07210248 1508.44456312 2593.83923943         136.0 1139.40203616 1018.94307986 1046.23133197 2465.38779911 1389.02123814 864.487131194 2934.24624052 1480.04763437 1110.30446275  1331.7886469 1846.73224914 2378.28782951
 2002.76433961 2058.96600263 1085.25987671 1343.85787939 1348.24812256 947.776344925 1305.11761922 1563.95556203 1225.98042399 1233.09448138 2127.11941367 1083.41358677 1900.29313528             0 1120.70379673 802.508566932 2346.53467905 736.155554214 1869.62696814 953.155810977 1241.61910423 2350.11935867 1837.10560393 1684.20663815 917.893239979 1528.93426935  1711.4303959 1248.71213656 2167.46164903  2166.2986867 440.941039142 2494.15897649 96.7729300993 1756.33168849 2010.21889355 1759.13075125 1863.46585695 1718.23543206 1283.47730794 970.322111466 1518.68396976 2007.25309814 1145.86212085 1402.37084967 242.769437945 1278.50420414 1068.42126523 2081.67624764 2597.08163137 2003.48621158 1962.21099783 1509.33528416 1394.77059046 1040.86982856 1430.15139059 1476.99424508 643.270549613 2184.47705413 875.015428435 1516.35615869 1229.24448341 1737.86132934  929.89085381 894.089480981 205.060966544 1638.87278335 1635.27184284 21.0237960416 947.253397988  2468.3397254  1371.4536084 782.842257418 1376.40001453 1398.23352842 1612.35635019 749.208916124 1017.17746731  405.20858826 1866.59261758 615.328367622 1713.27814438  564.73445087 1000.91807857 1394.81934314  727.71560379 435.679928388 1538.64875784 1764.81897089 2263.83237012 2316.51829261 1054.73883023 1769.60588833  1518.1337227 2357.21954854 1554.65398079  487.99692622 2655.97628001 2644.62190114 392.787474342 2058.24901312
 1022.78247932 1921.13143746 1096.86462246 775.652628436 1286.22393074 1101.64104862 1382.92769153 949.868411939 1571.13748603 1714.43080934 1386.17242795 1974.07193385 816.870246734 1120.70379673             0 413.827258648 1550.90747629 1081.55813528 1737.64956191  1416.7797994 1917.24933173 1923.46822173 1313.86833435 632.396236548 1392.38536332 1864.10863417 678.849762466 2088.40345719 2078.26490131 1919.31576349 1139.12685861  1577.2133654 1199.32064103 928.642019295 1660.71099232 1779.01658227 1662.76215978 996.803892448 337.290675827 1079.78701604  414.77222665 1526.35120467 549.739028995 917.593047053 1240.02580618 786.497298152 1845.97535195 2046.93942265 1874.33721619  1059.8348928 1751.40657758 864.078700119 1150.48685347 301.006644445 1690.37037362 2133.76404506 1291.39382064 1968.82426844 929.606906171 1110.32472728 1121.34428255 1487.77988963 275.506805724 693.902730936 933.197192452 972.247396499 1692.24850421 1134.69335065 334.592289212 1801.00249861 626.319407331 1287.14762168 322.567822326  1253.9936204 1701.29656439 920.541688355 463.155481453 1042.72959103 769.756454991 897.313768979 879.188830684 1312.21720763 1098.36423831 317.064662175 895.335132785 703.863623154 1868.00669164 688.869363523 1575.00793649 1542.53816809   301.4249492 1828.53876087 912.539862143 1488.80656903 2156.87041799 669.354913331  1782.7509641 1893.63829704 1160.29866845 1865.57283428
 1432.64405907  1673.6681272 748.182464376 642.652316576 978.358318818 719.813864829 1472.17661984 1257.19250714 1185.97470462 1315.57819988 1751.17931692 1563.56675585 1226.85043913 802.508566932 413.827258648             0 1932.52399726 672.173340739  1480.7514984 1011.35255969 1505.86918423 2212.09154422 1611.62433588 1046.16824651 985.301984165 1490.77832021 1091.77744985 1675.06716283 2263.17166826 1711.25743242 962.528441138 1982.46639316 893.499300503 1303.69973537  1483.6738186 1914.81826814 1426.82339482 1342.95979091 482.130687677 704.869491466 823.046171244 1819.42985575 397.658144642 752.494518252 976.969293274 1029.80629246 1432.19272446 1770.24857012 2243.62853432 1464.64091162   1523.229464 1176.02083315 895.913500289  238.54978516 1325.06037598 1725.27678939 1158.28364402 2192.09123898 547.613002037 924.175308045 1253.83651247 1261.33659267 146.986393928  338.89231328 652.418577295 1299.20745072 1810.51650089 820.288973472 501.969122556 2155.30717068 601.818078824 1206.43690262 587.888594889  1414.1898741 1808.68709289 899.467620318 251.956345425 863.880778812 1175.74316923 818.423484512 1254.18738632 902.997785158 728.154516569 730.819403136 488.968301631 367.919828223 1495.83555246 1101.24020995 1930.51107223 1918.96977569 252.352927465 1516.60443096 817.905862554 1884.98275854 1753.07187531 314.682379551 2182.47794949 2269.77201498 963.320299796 1635.37549205
 635.649274364 3405.50730435 2647.73148185 2254.57690044 2826.88556542  2647.0823561 1479.88276563 788.684981472 3116.13045298 3247.32890234 231.490820552 3390.33479173  1000.3484393 2346.53467905 1550.90747629 1932.52399726             0 2597.73940186 3236.22557928 2939.56000109 3415.91056674 822.002433086 648.015431915 1009.01387503 2911.60041901 3413.93922031 947.187943335 3533.22246681 1415.27559154 3362.71095993 2071.32228299 339.705755029 2379.55458017 629.026231567  3083.6934024 1460.74569998 3145.86458704  628.71615217  1772.0025395 2627.59395646 1255.00996012 656.227094838   2074.590321 2398.14198912 2317.15731015 1073.20268356 3308.54363731 3554.29669555 344.653449134 553.483513756 3223.50259811 837.330281311 2669.52617519 1848.74146381 3241.14825332 3643.94031235 2055.55831832 1177.97495729 2474.13439409 2586.07134472 1302.13862549 2970.58596913  1816.0357926 2242.95541641 2146.71493217 708.994358229 1489.19877787 2349.27925117 1475.83535667 358.424329531 2061.67553218  1925.6949395 1639.49504421 1218.96431449  1533.8174598 1666.55842982 2011.22475124 2025.31799972 1073.59442994 1775.89470409 678.428330776 2748.58654584 2647.43234097  1267.6166613 2419.72250475  2076.3010379 3418.07328769 1029.84707603 243.647286051 55.0090901579 1847.02923637 3363.80736666 2337.72389302   185.3995685 3680.20053801 2074.79396567 347.247750173         346.0 2125.95507949 3334.98425783
 2103.71576027 1322.88245888 370.793743205 822.868762319 619.887086492 219.146070008 1908.58193432 1889.21623961 559.053664687 653.652048111 2408.76109235 952.491469778 1879.84919608 736.155554214 1081.55813528 672.173340739 2597.73940186             0  1134.2389519 341.989765929 836.139342454 2809.07849659 2227.85502221 1712.17785291 314.014330883 877.241699875 1760.19800023 1034.76035873 2758.60200101 1435.13936605 1136.33181774 2654.63406141 820.981120368 1968.91848485 1298.87836228  2371.5252476 1133.24401609 1994.64934262 1031.77565391         250.0 1478.34637349 2427.45381007 744.731495238 816.429421322 978.836043472 1633.76436489 785.598497962 1349.71589603 2901.13977602 2136.79619992 1230.97237987 1813.12989055 706.781437221 828.048911599 740.216184638 1053.13294507 1353.13931286 2728.98241108 237.547889909 867.889969985 1753.70493527 1019.42581878 806.240658861 440.709654988  761.71188779  1941.3966622  2253.7570854  756.07208651 1132.88657861 2803.76211544 946.355113052 1469.60164671 1174.24784437 1926.13291338 2239.93794557 1301.30434565 696.509152847 1065.90853266 1822.74765121 1175.78399377 1919.71898985 365.997267749 277.596829953 1397.69596122  187.77912557 598.083606196 884.672255697 1760.11164419 2581.29773564 2581.70951116 836.643890792 1043.11552572  963.88225422 2555.82882838 1082.77883245 569.550700114 2854.01699364 2931.16666193 1101.61744721  1324.2061773
 2630.06958083 195.274166238 798.314474377 982.426078644 530.835190996 922.872147158 2937.10146233 2686.17869845 804.515382078 967.973656666  3100.3548184 1655.73971384 2299.70019785 1869.62696814 1737.64956191  1480.7514984 3236.22557928  1134.2389519             0 1029.07385546 1277.15660747 3658.90530077 3049.79605876 2231.02241136 1054.49561403 740.624736287 2292.09620217 1605.24421818 3743.78538381 319.707678982 2251.19790334 3179.21059384 1955.21968075 2642.41442624 362.432062599 3388.95529625 118.406080925 2730.01831496 1466.67412877 903.965707314  1981.6059144 3261.91508167 1187.91119197 838.263085195 2112.39437606 2493.29500862 1426.57526966 319.901547355 3574.65550788 2696.01854593 141.566238913 2600.72797501 590.892545223 1443.81750924 641.954827071 1308.12422957 2469.44285214 3669.48511375 1028.52758835 651.027649182 2732.57259739 271.751724926 1528.67066434 1151.14247598 1871.02244775 2709.73670308 3280.45926663 1889.75262931 1967.80334383 3520.25112741 1175.09574078 2570.62035314 1596.78301594 2894.66854752 3274.83617911 2338.91876729 1291.25249274  2171.1409443 2225.70191176 2230.72768396 2594.59688584 1416.31211249 872.794362952 1976.58290997 1170.64298571 1639.79084032 731.820333142  2227.8592864 3295.72086197 3237.73284877 1440.45860753 307.043970792 910.760671088 3137.23014776 1227.77522373 1589.62951659 3405.02936845 3582.01060858 2222.51051741 194.987179066
  2439.5518031 1196.73597757 479.129418842 1042.35310716 612.007352897 363.760910489 2205.27231879 2229.01435617  275.04545079  314.63629797 2750.69100409 729.965067657 2204.22321919 953.155810977  1416.7797994 1011.35255969 2939.56000109 341.989765929 1029.07385546             0 514.995145608 3140.67269864 2564.60620759  2044.3214033 35.4682957019 577.700614505 2093.91594865 765.310394546 3063.40725337 1347.85459156 1386.21246568 2992.69928326 1019.63179629 2310.66851798 1278.04929482  2668.0376684 1063.64890824 2336.34864693 1335.95508907 401.807167681 1805.82308104 2762.23623175 1027.32760111  992.58954256  1184.2639064 1970.33119043 521.123785679 1174.27509554 3243.02528513 2474.84645988 1151.42086137 2153.64179937 785.053501362 1150.75801105 483.045546507 718.366201878 1595.34353667 3045.70156122 508.694407282 978.632719666 2068.82478717 998.438781298 1141.36102965 746.427491455 1033.30344043 2282.31154753 2547.60200973 970.008247388 1474.20792292 3144.88871027 1201.39627101 1727.84837298 1483.00539446 2242.09834753 2530.40174676 1603.70820288 1007.00148957  1329.8932288 2144.46496824 1473.04616357 2261.42786752  412.62210314 404.426754802 1731.24723826 522.551432875 921.078172578 587.007666049 2088.00191571 2922.73587585 2923.67320335 1157.99827288 853.822581102 1147.75084404 2896.20199572 741.758046805 900.076107893 3193.82654507 3273.15642767 1342.96537558 1223.80104592
 2938.50046793 1395.18636748 971.518913866 1543.00486065 1025.15413475 875.416472315 2546.09544204 2680.31807814 523.054490469  323.54288742  3218.5085055 410.098768591  2714.2299092 1241.61910423 1917.24933173 1505.86918423 3415.91056674 836.139342454 1277.15660747 514.995145608             0 3554.46550131 3000.06749924 2548.29550877 532.603041674 565.892215886 2596.05855096 328.097546471 3408.88779516 1584.70312677 1678.08968771 3486.85890165 1275.93142449 2789.35709439 1599.12538595 3000.66076057 1351.02812702 2801.33914405 1850.66582613 911.559652464 2313.76424901 3189.07776638 1541.97081684 1477.44712257 1429.89405202 2409.67653431  217.55459085  1298.0485353  3708.5276054 2969.40145484 1417.00035286 2609.52888468 1231.19494801 1660.77572237 636.176862201   237.3562723 1863.30485965 3419.00131617 1023.45395597 1429.77270921 2450.20815442 1345.06059343 1642.16107614  1259.8007779 1382.52233255 2740.21787455 2876.65500191 1252.35458238  1940.7331089 3601.23381635 1710.75100468 2014.87667116 1997.32446037 2622.61415385 2853.03294758 1970.58468481 1520.40257827  1646.3790572 2655.75789559 1835.39341832 2740.73347847 698.169750132 909.723584393 2233.68596719 1023.50378602 1351.90717137 577.104843161 2595.73881583  3382.6653692  3396.7297508 1668.60540572 1007.63336586 1631.53179558 3383.03325434  317.05677725 1345.20072852 3682.64090022 3743.29387038 1625.22613811 1455.01374564
 1326.70192583 3844.07492123 2960.08952567 2696.23162952 3184.33321121 2917.00822762 1138.27984257 973.611832303 3364.36992615 3455.04573052 744.013440739 3433.31239476  1666.9028166 2350.11935867 1923.46822173 2212.09154422 822.002433086 2809.07849659 3658.90530077 3140.67269864 3554.46550131             0 609.606430412 1580.65334593 3107.97892528 3679.97730971 1523.82708993 3598.20858206 658.368437883 3840.11419101 1966.94687269 1156.22835115  2349.8902102 1098.76021042 3575.54261616 875.357070001 3586.12102417 962.424022975 2224.23492464 2908.20116223 1776.31134658 397.132219796  2472.2089313 2839.62127757 2238.38915294 1183.69759652 3405.44637309  3964.0833745 677.213408018  1233.4017999 3674.81768255 1059.48006116 3069.07054334 2215.11376683 3524.97631198 3791.45156899 1865.80170436 417.579932468 2750.20453785 3032.69797375 1123.42378469 3411.24390802  2137.3371283 2550.25273257 2180.09655749 959.552499866 961.052027728 2345.51081856 1710.13274339 522.398315464  2528.8135558 1706.59456228 2124.03389803 961.337609792 1008.55738558 1600.95127971  2369.7504088  1959.9645405 1728.81028456 1734.97262226 1136.17824306 2856.78700641 2933.91649506 1729.36173197 2657.03688345 2220.33556023 3686.38752711 1642.32670319 586.941223633 771.990932589 2218.47357433 3726.29682124 2818.53809625 1005.62468148  3850.9868865 2241.09839141 1073.81236722 758.516974101 2026.08020572 3788.97136437
 854.279813644 3234.61837007 2359.57665695 2086.88212413 2579.00019387 2323.49585754 833.072025698 364.005494464 2777.93322454 2879.13754447 429.120029828 2914.37986543 1142.46094025 1837.10560393 1313.86833435 1611.62433588 648.015431915 2227.85502221 3049.79605876 2564.60620759 3000.06749924 609.606430412             0        1015.0 2532.97394381  3091.0647033 963.844904536  3071.2976085 931.173990187 3230.91210032 1502.72419292 946.684741611 1852.67914114 543.641425942 2967.28849288 853.984777382 2976.55975919 381.848137353 1616.68333325 2312.63702297 1186.23184918  212.55117031 1862.74877533 2230.14282054 1764.83256996 594.279395571 2864.84641822 3355.86367423 789.107090324 768.960337079 3065.21206444 449.891097934   2460.319085 1606.17713843 2931.81206765 3235.41172032 1452.96524391 740.694943955 2154.48578552 2423.19644272 679.980146769   2801.647551 1531.14140431 1948.28668322 1651.04118665 356.602019063 861.106845868 1835.82379329 1110.56832298 641.248781675  1921.1210269 1311.02593414 1520.69063257 575.543221661 902.972867809 1105.41259265 1761.71308674  1473.9012857 1193.81112409 1230.51290119 569.590203567 2307.51901401 2337.45032033 1128.13119804  2068.4063914 1651.27647594 3097.01614461 1090.50492892 467.546789102 597.924744429 1609.34676189 3121.75655681 2210.97467195 767.297204478 3287.81994641 1665.75688502 994.676329265 851.525689571 1560.46563564 3179.36660359
 406.975429234 2397.80754023 1691.28856201 1252.39051418 1844.15210869 1716.63857582 1465.63433366 712.899011081 2183.05932123 2336.21445933 902.202305473 2602.18465909 228.740027105 1684.20663815 632.396236548 1046.16824651 1009.01387503 1712.17785291 2231.02241136  2044.3214033 2548.29550877 1580.65334593        1015.0             0  2021.0670449 2463.56164932 61.9838688692 2719.78565332 1924.28947926 2353.90271677 1581.60203591 967.293647245 1749.12120792 482.121354018 2075.44597617 1736.08323533 2138.57265483 633.240080854 776.408397688 1691.01892361 253.023714304 1209.13729576 1092.90804737 1394.46477187 1751.54474679  765.47566911 2478.10007869 2550.03843108 1351.56390896 465.429908794  2215.0846485 646.882524111 1673.95489784 899.005005548 2284.85820129 2762.44529358 1672.44521584 1752.75896803 1547.61881612 1580.08101058 1186.90269188 1963.77035317 906.371336705 1307.56108844 1482.45809384 673.765537854 1687.61666263 1694.60142807 742.130042513 1317.78033071 1056.01183705 1610.51358268 636.258595227 1244.47780213 1713.28485664 1242.59486559  1055.2241468 1499.17644058 228.560714035 1285.23032955 447.770030261 1940.14664394 1706.35547293    315.349013 1525.11311056 1303.62149415 2466.40304898 101.123686642 1102.05489881 1015.49446084 893.757237733 2372.41417126 1328.99736644 907.270632171 2781.57239704 1279.34397251 1185.15231089 1353.47737329  1619.4499066 2326.28824525
 2415.12256418 1224.22424416 478.235297735 1035.85423685 625.719585757 354.457331706  2170.2027555 2198.39873544 309.535135324 347.070598006 2721.73565946 727.714916708 2183.09734094 917.893239979 1392.38536332 985.301984165 2911.60041901 314.014330883 1054.49561403 35.4682957019 532.603041674 3107.97892528 2532.97394381  2021.0670449             0 613.168818516 2070.17728709 771.420767156 3028.54981798 1372.69443067 1350.76459829 2967.39431151 984.738036231  2282.8414312 1297.14918186 2632.92479953 1086.27114479 2306.98872992 1318.41192349 393.686423439 1783.80071757 2730.14010629 1012.58086097 990.840047636 1149.35851674 1938.73077038 524.690384894 1205.12240042 3213.93854951 2449.52179006 1175.15615984 2123.37584991 792.142032719 1129.43968409 517.034815075 741.484996477 1559.97852549  3011.4800348 491.629942131 983.808924538 2034.60512139  1016.5284059 1116.88182007 727.200110011  997.96693332 2252.26996606 2512.42711337 934.799443731 1444.56533255 3114.94028835 1190.95801773  1692.3858898 1464.79930366 2207.90783322 2495.15149841 1568.93403303 987.810710612 1294.43810204  2123.9529185 1438.11995327 2233.66470178 379.732800796   399.0050125 1707.48733524 497.226306625 888.000563063 622.472489352 2065.95498499   2893.056688 2895.32467955 1136.97581329 884.882478073 1145.82808484 2869.65154679 768.768495712 867.873838758 3167.63413291 3244.55251152 1307.56950102 1249.39545381
 2869.24049184 836.909194596 772.295927738 1287.61251936 671.417157958 771.004539546 2777.74368868 2743.62552109 318.276609257  322.51821654 3239.92978319 970.808426004 2591.85377674 1528.93426935 1864.10863417 1490.77832021 3413.93922031 877.241699875 740.624736287 577.700614505 565.892215886 3679.97730971  3091.0647033 2463.56164932 613.168818516             0 2518.84298836 888.275858053 3632.61255848 1033.25601861 1963.71510154 3429.48173927 1591.70631713 2787.74622231 1087.92095301 3240.88151588 831.363338138 2833.67341096 1701.27540392 787.304896466 2213.36779592 3294.28064985 1377.34817675 1180.38129433 1756.13353706 2499.20487355 752.630055206 732.169379311 3731.68554409 2916.44321049 882.165517349 2664.16985194 886.763215295 1570.90865425 183.087410818 567.506828153 2171.90998893 3606.18856967 943.315429748 1069.51951829 2630.56990023 868.949941021 1598.47083176 1170.98420143 1609.59932903 2789.03710983 3121.31670934 1545.25402442 1983.57379495 3646.02701581 1483.65258737 2305.49647582 1850.47048072  2803.1733803 3105.12753361 2173.06833763  1410.5098369 1907.42182015 2524.73840229 2044.37790049  2738.0975147 974.343368633 766.593112414 2163.04530697 1023.21551982 1475.25896032 11.6619037897 2490.22930671 3421.06723114 3403.55534699 1574.32715787  450.00111111 1319.20051546 3351.18904271 491.138473345 1445.91043983 3641.81960014 3754.88015787 1919.92135256  904.75687342
 350.406906325 2459.28139911 1746.56033391 1312.87775516 1902.42713395 1769.20377571 1442.30717949 672.232846564  2236.4547838 2387.67669503 840.931031655 2643.18992885 232.008620529  1711.4303959 678.849762466 1091.77744985 947.187943335 1760.19800023 2292.09620217 2093.91594865 2596.05855096 1523.82708993 963.844904536 61.9838688692 2070.17728709 2518.84298836             0 2763.10549925  1878.4003833 2415.82532481 1593.54730084 910.837526675 1773.97660638 426.521980676 2137.41572933 1699.70262105 2199.96659066 582.103942608 835.533362589 1744.18261659 312.257906225 1155.26317348 1150.42687729 1455.21476078 1770.98983622 745.523306141 2522.51025766 2611.00172348 1289.62358849 405.187610867 2276.69980454 610.449834139   1733.676152 951.781487527 2340.60868152  2811.6617862 1676.84972493 1703.14121552 1599.47553904 1641.22210563 1165.36689502 2025.07580105 953.958594489 1359.86249305  1508.5171527 627.969744494 1654.75557107 1721.22049721  765.58800931 1256.05294474 1117.01611448 1609.25821421 696.603904669 1215.19422316 1681.68635601 1245.17789894 1109.33854165 1513.36578526  251.09759059 1294.02202454 394.689751577 1981.45830135 1760.01278404 362.691328818 1573.57427534 1338.66986221  2521.8108573         130.0 1040.75789692 953.518222165  946.98891229 2431.83161424 1390.68040901 847.057258985 2832.31583691 1316.52762979 1126.98713391 1291.79913299 1633.08297401 2387.97508362
 3096.38515046 1721.73894653 1243.29602268 1807.09711969 1331.48225673 1125.82147786 2538.49916289   2772.682636 838.600023849 645.804924106 3325.59964518 181.033146136 2900.77575831 1248.71213656 2088.40345719 1675.06716283 3533.22246681 1034.76035873 1605.24421818 765.310394546 328.097546471 3598.20858206  3071.2976085 2719.78565332 771.420767156 888.275858053 2763.10549925             0 3392.99101089 1912.42359324 1659.71593955 3632.28536875 1258.42480904 2914.99588336  1925.0896083  2979.2960578 1678.29824525 2908.62940231 2066.51881192 1165.09784997 2497.06727983  3249.3237758 1773.69501324 1756.40598951   1393.633022 2492.86281211 249.803923108 1618.63213857 3809.18587102 3118.72554099 1745.01404006 2708.06665354 1529.37667041 1857.38741247 964.025414603 399.061398785 1820.29915124 3426.44801507 1251.73879064 1727.26662678 2477.94753778 1667.36318779 1818.66022115 1474.86473956 1421.91138964 2839.53693408 2854.25296707  1254.3715558 2062.85166699 3691.02763468 1960.53793638        1980.0 2208.31360997 2646.53906074 2826.00017693 1997.70368173 1731.11062616 1647.18547832 2847.15612498 1863.29949284 2867.72453349 787.421742143 1169.44987067 2404.75383356 1219.10458944  1457.9180361 899.169616924 2776.26007427 3478.43772404 3509.54769165 1866.85296689 1333.91941286 1911.56689655 3516.43711731 517.220455899 1464.41968028  3817.6542536 3849.92584344 1602.64281735 1782.77788858
