             0 3475.35393881  793.36309468 3349.37755411 1684.90266781 2939.93146179 146.731046476 1303.90567143  2084.0117562 1489.22798792 3496.43246753 365.366938844 2474.72705566 869.508481845  1050.4537115  671.30469982 854.419686103 3242.25369149 2851.40404012 1064.59241027 120.619235614 2309.49193547 909.620800114 3384.89601022 999.202181743 909.375609965  2882.4373367  1052.3977385  3519.9525565 2059.43997242 1808.87257705 455.089002284 1975.65609355 3095.95768705 535.306454286 826.463550315 3193.00234889 1898.88414602 2478.34299483 681.622329446  2706.1494785 1752.10302209 2701.22971996 983.733703804 931.124588871 832.332265384 447.182289453  1766.5868221 956.737163488 1350.43141255 379.747284388 866.833317311 3285.98721848 1027.74023955 2714.47969232 949.873675812 1604.68096518 560.508697524 711.512473538 1606.11145317 887.335336837 748.108280933 488.848647334 753.299409266 1397.37611258 2084.47643306 3030.16451699 1830.00027322    332.031625 3091.63775368 911.357778263 1263.10490459 620.298315329 74.0270220933 2620.15304896 296.951174438 3401.01308436 3390.82954452 872.213849924 1513.24816207 1040.55033516 3004.24366522 186.935817863  828.06581864 3341.34478915 2688.90256424 2699.71257729 491.629942131 1038.31594421 1832.25598648 2609.51278978 2873.48238206 2392.37162665 2958.46074843 727.771942301 3385.96588878 1292.07004454 553.231416317 912.796253279  3496.1643268
 3475.35393881             0 4126.81111756 146.454771175 1984.74834677 838.146765191 3400.53775159  2306.9852622 1424.59818896 2055.56439938 84.0773453434 3340.14879908 1019.70240757 3050.00983605 3019.56453814 3442.14250141 2712.97364528 1746.08648125 1714.02917128 2999.08319324 3475.21884203 1910.16910246 3237.00803212 1698.67948713   2476.155084 3829.56616342 658.656207744 3467.29548784 1578.58575947 1582.14537891 1677.10613856 3392.89153968 2133.02836362 907.899223482 2978.58087015 3555.09507608 729.277039266 2354.95265345 1674.78267247  2806.2230845 835.374167664 1939.81957924 1703.63405695 3030.81589675 2557.19377443 4122.52058818 3723.72998484 2035.06707506 2825.01132741 2355.64428554 3786.94032168 2984.55239525 1044.80668068 2454.11593043  1123.6000178 3015.37344288 1875.61723174  3281.3541412 3612.61470406 2077.85779109 3309.68774962 3010.16494565 3168.06565589 3268.23270285 2116.58711137 1451.78269724 571.463034675 2447.91707376 3807.18531201 599.050081379 3341.18781274 2885.88236073 3417.78071268  3461.3906165 869.214012772 3367.98233368 666.126864794 1041.01200762  3727.1055794 1980.62742584 3426.39898436 480.459155392 3435.94295645 2756.29026048 549.561643494 1824.71915647 936.284678931 3015.35089169 3345.92961671 1907.98453872 1285.94634414 601.878725326 1317.77122445 1712.39160241 3460.50299812 465.241872578 2188.85906353 3719.75617481  2585.0431331 1465.63092216
  793.36309468 4126.81111756             0   3992.603787 2203.35471497 3503.42575203 932.654812886 1838.68567189 2789.47486097  2233.5543423 4137.89137122 1130.97656916 3108.38688068  1149.9608689 1822.03951659 740.016891699 1633.86290735 3612.20209844 3236.17830164 1838.26059088 874.953713061 2693.57160662 1648.81927451 3766.25888648  1693.6971394 530.065090343  3572.9161759 1722.98461978 3927.90032969 2610.10689436 2451.80035892 1187.28303281 2345.23175827 3630.83309999  1312.5616176 1465.71381927 3752.86144162 2202.67927761 2905.30359859 1429.80907816 3403.34247469 2263.63645491 3097.91817193 1219.86761577 1665.41826578  77.472575793 408.064945811 2229.89327099 1749.61738674 2134.20008434  785.87085453 1197.69987893 3788.52702247 1747.54828259 3246.36180978 1727.34623049 2299.62301258 1317.65890882 1322.84730789 2378.21130264  963.22842566 1537.56333203 1278.08372183 1495.41465821 2010.22511177 2686.99032376 3726.48520727 2111.33512262 582.073878472 3683.63529682  953.57118245 1481.34702214 743.750630252 851.284323831 3298.85995459 1064.49283699  3963.1307069 3892.86783747 596.390811465 2228.00022442 980.489673582  3671.0659215 735.153045291 1612.20904352 3922.53999342 3056.99885509 3417.67654994 1268.00828073  1036.4000193 2327.37126389 3117.98524692 3530.34502563  2935.9013948 3339.18927286 1408.39518602 3978.16540631 1998.86217634 1086.35169259 1657.80638194 3924.48977575
 3349.37755411 146.454771175   3992.603787             0 1842.24455488 697.481899407 3277.46243304 2168.43261366  1315.0745226 1945.11336431 147.139389696  3222.4309147 884.217167895 2910.01048108 2921.34164383  3303.9400721 2597.90088341 1632.51493102  1582.1014506 2901.18268987 3351.96076946 1765.43167526 3135.31178673 1594.11323312 2350.45208417 3689.65066097 583.270949045 3370.04287807 1485.59213784 1438.20756499 1546.07955811 3277.93898662 1986.59029495  781.95652053 2857.73704179 3450.30143611 609.243793567 2208.52371506 1531.43135661 2683.75203773 749.995333319 1796.45456386 1566.34223591 2889.26045901 2435.70051525 3987.22020962 3590.55789537 1890.09655838  2719.5565815 2254.85099286 3665.66365069 2845.06063204  939.00479232 2331.64748622 979.739761365 2913.26792451 1754.40730733 3168.83448605 3504.00913241 1980.83820642 3168.64166481 2900.24895483 3051.75637953 3161.58852478 1982.75817991 1312.64008776 528.621792967  2301.4623612 3681.37759541 460.245586617 3199.83890219 2741.64403233  3280.3243742 3337.04090475 760.949406991 3248.61601301 578.581022848 946.512017885 3587.08865238 1862.86499779 3283.69624052 381.274179561 3306.13444978 2641.84954151 450.249930594 1687.66139969 871.152110713 2893.78817469 3203.19996254 1763.39899059  1141.6168359 481.133037735 1171.42648083 1584.88106809 3353.25066167 376.415993284 2066.88775699 3605.40774393 2464.82636305 1373.21702582
 1684.90266781 1984.74834677 2203.35471497 1842.24455488             0  1300.7397895 1662.34803817 381.430203314 958.862868193 940.453613954 1981.61171777 1697.96348606 984.532884164 1077.83950568 1766.35443782 1483.49486012 1221.65134142 1604.61833468  1216.0567421 1755.77732073 1728.57513577 722.974411719 1883.92383073 1734.34310331 823.729324475 1854.91374463 1544.72586565 2153.44375362  1850.8930277  411.20554471 503.774751253 1792.34064843 511.941402897  1430.7679756 1324.69241713 2106.23479223 1549.53444621 640.449841908 822.900358488 1148.56867448 1414.00141443 68.3081254318 1062.10592692  1048.4793751  974.99641025 2187.20140819 1819.16162009 181.603964714 1488.01243274  1260.9084027 2052.26338466 1017.61141896 1605.49836499 881.531054473 1045.79204434 1695.73022619 679.742598341 1735.68113431 2094.92171691 1195.84488961 1329.40024071 1552.60587401 1570.64891048  1825.7625804 391.035803987  548.77408831 1702.86347075 677.834788131 2002.85246586 1489.81106185 1359.41237305 910.486133887 1467.10088269   1697.948468  1263.7535361 1694.91976211 1759.79345379 1710.51571171 1752.04166617 768.760690983 1441.66154142  1575.3440894 1587.75627853 1266.87094844   1722.366976 1081.81051945 1505.05315521 1342.94787687 1361.20424625 157.063681353 928.174552549 1422.09001122 732.546926824 1322.00037821 1982.07593195 1781.89674224 741.464766526 2099.12457944 1022.31991079 1818.71383126
 2939.93146179 838.146765191 3503.42575203 697.481899407  1300.7397895             0 2892.73037112 1667.91876301 1157.04537508 1709.31828517 798.236180588 2880.03680532   590.8104603 2374.83346785 2721.91476722  2783.2062446 2293.43846658 1027.17671313 900.187758193 2704.48701236  2964.3265677 1080.90702653  2906.9353278 1035.98552113 1970.64101246 3146.17942909  851.07578981   3164.281277 997.627686063 893.846743016 1168.24697731 2954.66766321 1334.54111964 217.110570908 2500.60832599 3193.72650676 253.071136244 1553.20185424 839.610028525 2318.87947078 897.367260379 1242.54979779 871.236477657 2335.34258729 2087.63263052 3487.92689144 3115.38520893 1301.51911242 2479.17022409 2066.84735769  3287.9253337 2316.85670683 471.666195524 1979.97398973 296.021958645  2688.7709088 1448.90648421 2865.64146397 3220.57401716 1835.23213791 2617.42564364 2622.90697509 2723.96952993 2899.47253824 1543.04666164 863.440212175 933.434518325 1650.72590093 3267.87300855 239.827020996 2644.55100159 2150.91259702 2767.72704579        2941.0 771.368264839 2893.22467154 462.005411224 552.800144718 3043.43128722 1577.04438745 2710.08929742 688.790969743 2865.15374806 2340.47217458  426.00469481 992.698342902 1073.34849886 2529.99466403 2630.01463874 1187.48684203 458.763555658 592.769769809 569.498902545 918.680031349  3082.3155257 496.145140055 1732.77407645 3279.85487484 2125.84900687 900.908430419
 146.731046476 3400.53775159 932.654812886 3277.46243304 1662.34803817 2892.73037112             0 1284.99805447  1996.5602921 1389.20768786 3424.60070665 220.537978589 2409.63731711 935.624390447 903.839034342 789.240140895 738.756387451 3240.89138973 2849.22533331 918.100756998          75.0 2312.29345024 765.101300482 3380.21730071 930.798044691 1051.48371362 2796.80621424 918.610363538 3508.60086074 2022.56693338 1746.22621673 318.276609257 1986.05865976 3055.64395832 429.554420301 703.957385074 3145.55336944 1925.07895942 2469.38413375 594.505677012 2618.79915228 1730.34591917 2697.46918425 1051.83363704 844.538335424 974.690207194 593.897297519 1757.50305832 817.735898686 1227.21188065 395.213866154 922.068327186 3253.07024209 946.456549452 2677.17201539 803.647932866 1525.25178249 415.278219992   601.0657202 1490.15167013 988.494815363 605.194183713 345.579223913 609.151869405 1351.19576672 2032.03543276 2942.03484004  1862.1345279 424.185101106 3035.74208391 1015.93356082 1322.32673723 735.706463204 81.4002456999 2539.58815559  153.16004701 3352.07219493 3357.55342474 1010.00049505 1426.62468786 1152.16882444 2926.09124943 308.228811113 708.153232006  3287.4313681 2691.73717142 2604.75757029 388.960152201 1142.63292443  1813.7100099 2579.11477061   2799.040014 2354.30159495 2956.44786864 597.382624454 3328.81615593 1211.81888086 481.585921721 820.483394104 3480.22484906
 1303.90567143  2306.9852622 1838.68567189 2168.43261366 381.430203314 1667.91876301 1284.99805447             0  1107.8488164 846.093375462 2311.61631764 1332.74341116 1288.87082363 746.906285956 1483.22250522 1135.55272885 917.767399726 1963.77009856 1572.39467056 1475.87025175 1349.98407398 1049.13154561  1570.3502794 2099.27249303 515.097078229 1524.43628926 1808.00027655 1837.20793597 2223.86780183 774.289997352 675.172570533 1431.98044679 757.979551175 1807.11150735 968.103816747 1765.12435823 1919.10656296 784.949042932 1186.67013108 800.170606808  1656.9601685 448.264430889 1419.23077757 744.834209741 670.320072801 1827.04378711 1447.54205466 479.033401758 1204.43513732 1085.35570206 1672.88553105 679.124436315 1986.34186383 598.264155704 1422.57864457  1400.6462794 681.143890819 1386.90590885 1741.95866771 1108.21839003   1013.320285 1231.79868485 1216.92604541 1495.07792439 266.552058705 855.862138431  1966.6196887 771.176374119 1621.44657636 1844.97208651 1047.75808277 695.885047978 1113.07322311 1318.29359401 1524.86064937 1325.06377205 2129.24024009 2091.34526083 1422.45175665 707.611475317 1152.50553144 1871.16274012 1207.10604339 958.977059163 2084.54431471 1424.12534561 1717.02358749 981.656762825 1074.34165888 529.138923157 1308.99388845 1722.77479666 1104.71896879 1679.42013802 1638.86363069 2139.48615326 568.862900882 1730.70072514 718.167807688 2195.46008846
  2084.0117562 1424.59818896 2789.47486097  1315.0745226 958.862868193 1157.04537508  1996.5602921  1107.8488164             0 630.971473206 1460.04143777 1921.14601215 566.255242801  1824.5547402 1616.32484359 2168.55827683 1290.91053137 1994.26427537 1687.00444576 1596.92329183 2071.56028153 1428.13514767 1823.99808114 2065.25543214 1097.62288606 2575.30988427 800.432383153 2065.38955163 2091.00191296 779.687116733 458.153904272 1969.92106441 1397.73888835 1370.48786934 1568.90790042 2135.93843544 1374.28999851 1576.12499504 1350.75571441 1404.10825793 622.390552628 961.426024195 1561.80824687 1842.65270738 1153.60998609 2796.73523952 2381.41323587 1113.39570684 1405.16653817 948.103369892 2375.36712952  1751.9352157 1621.58965216 1056.64800194 1104.75019801 1601.80928952 490.195879216 1856.90737518 2189.11054997 689.771701362 2095.44386706 1585.85276744 1746.99055521 1846.59822376 851.967722393   557.9793903 946.189198839  1628.4329891 2412.81992697 1195.61574095  2132.7259552 1796.69724773 2133.27096263 2062.34938844 555.518676554 1952.46638896 1547.78066922 1708.77558503 2477.36715083 570.810826807 2249.94444376 944.239905956  2069.0326242 1333.40166492 1444.53521937 1647.28382497 630.695647678 1607.95802184 2173.87787145 1000.08449643 1126.93655545 836.321708435 887.475633468 1766.75550091 2038.17884397 1457.15133051 794.667225951 2296.10844692 1176.08503094 2011.93091333
 1489.22798792 2055.56439938  2233.5543423 1945.11336431 940.453613954 1709.31828517 1389.20768786 846.093375462 630.971473206             0  2090.5061588 1297.12643948 1140.68838865 1409.83155022 1012.87758392 1685.90925023  665.07518372 2386.58018931 2027.76453268 995.253234107 1463.83639796 1622.54275753 1206.11525154  2486.7257589 567.733211993 2092.93000361 1424.19696671 1457.59013443 2551.83737726 1034.55159369 597.210180757 1341.07195929 1452.37357453 1909.77537946   959.7692431 1510.17151344 1947.02028752 1560.33489995 1641.76003119 809.966048671 1243.34428056 984.786778953 1881.53394867 1461.39796086 568.138187416 2250.20287974 1828.83678878  1121.6171361 781.215719248 367.266932898 1757.61884378 1336.96372426 2148.04283011 492.392120164 1582.45631851 985.082737642 294.884723239 1226.21776206 1559.05420047 263.837070936 1670.16765625 955.151296916 1120.91079038 1218.76166661 603.194827564 903.407991995 1562.87843417 1574.46149524  1811.4151926 1789.90279066 1710.07163593 1508.34545115 1642.23323557 1459.67119585 1186.46786724 1332.40384268 2135.70831342 2244.23906926 2002.25697651 174.928556845 1846.92311697 1575.17745032 1499.91366418 705.822215576 2043.88771707 1935.82256418 1216.84510107 1001.36107374 1779.53364677  1064.8164161 1550.17450631 1465.04914593 1292.01315783 2124.14924146 1409.36439575 2065.84244317 296.379823875 1666.28598986 578.516205477 2489.04821167
 3496.43246753 84.0773453434 4137.89137122 147.139389696 1981.61171777 798.236180588 3424.60070665 2311.61631764 1460.04143777  2090.5061588             0 3369.22854672 1029.72326379 3051.86189072 3063.27879893 3447.16260133 2744.29754218 1678.97141131 1660.26052173 3043.00197174 3499.10002715 1876.68031375 3278.45237879 1627.28516247 2497.54379341 3831.46603795 712.632443831 3511.69318136 1503.00831668 1575.49389082  1692.5873685  3424.3589181  2109.9386247 851.155684937 3004.79633253  3594.4192855 669.483382916  2331.4238139  1637.6788452 2830.87707257  885.08361187 1934.52035399 1655.98852653   3029.500949 2582.78473745 4132.03884299 3736.24892104 2024.59996049 2863.78386056 2397.54728838 3812.75753229 2987.36673343 975.294827219 2478.76783907 1088.99954086 3056.51108292 1901.44813235 3314.81553031 3649.14921591 2122.12393606 3309.40780201 3045.65165441 3198.36786502 3306.19600145  2128.4031573 1455.77264708 637.840889251 2425.74297897 3828.43845451 558.512309623 3340.26181609 2877.62436743 3424.04117966 3484.16876744  905.09336535 3395.57889026 591.528528475 966.956565726 3728.82354101 2009.58105087   3422.332684 520.807066004 3452.71270163 2788.14436499 480.692209215 1776.59815378 995.839344473 3040.88473968 3341.81088633  1899.0065824 1252.19367512 627.685430769 1299.84999135 1654.62321995 3498.03659215 393.584806617 2213.98396561 3751.74426101 2611.83249846 1390.00899278
 365.366938844 3340.14879908 1130.97656916  3222.4309147 1697.96348606 2880.03680532 220.537978589 1332.74341116 1921.14601215 1297.12643948 3369.22854672             0 2370.28880097 1097.41605602 692.369843364 997.934366579 632.056959459 3296.31673235 2905.08003332 707.956213335 259.237342989 2378.29266492  544.61454259 3430.35420912 911.057627156 1271.96108431 2719.75623908 706.823881883 3548.54124958 2032.10482013 1717.05591056 116.211014968 2065.20991669 3053.14739245  380.59164468 511.825165462 3131.36471846 2026.00098717 2517.47194622 562.737949671 2539.49601299 1766.23724341 2751.79087141 1213.41542763 795.277310125 1178.46086061 811.379689171 1811.63020509  641.89796697 1087.58907681 468.697130352 1072.85087501 3261.31951823 902.603456674 2681.23050109 596.369851686 1469.94489693 195.143536916 435.078153899 1363.48413999 1182.43350764 419.529498367 178.846302729 388.614204578 1355.70830196 2016.65192832 2859.91468404 1971.33964603 580.036205767 3008.34655583 1212.51226798 1470.21256966 943.188740391 293.736276275 2472.78891133 68.6804193348 3334.71992827  3364.8655248 1229.29654681 1359.74887387 1353.65135836 2861.66123082 525.115225451 592.440714334 3262.28202337  2755.5329793  2511.6379118 356.181133695 1337.96599359 1853.34751194 2594.44406376 2741.59442661 2359.20431502 3012.05992636  394.41729171 3298.24256234 1161.26913332 403.112887415 761.111030008 3513.45072543
 2474.72705566 1019.70240757 3108.38688068 884.217167895 984.532884164   590.8104603 2409.63731711 1288.87082363 566.255242801 1140.68838865 1029.72326379 2370.28880097             0 2034.09562214 2151.62008728 2423.13928613 1759.63206381 1489.23638151 1233.30977455 2133.36283834 2483.49612442 1134.00396825 2346.33075247  1540.4950503 1479.03515847  2812.9802701 585.714094077 2597.92628841 1545.41127212 609.105081246 666.082577463 2434.73941111 1242.22260485 804.914902334 1997.60581697 2644.60583074 812.542921943 1457.56818022 973.559448621 1819.64969156  504.06051224 948.300057999 1135.05065966 2020.06980077 1576.06757469 3103.23138035 2706.52581735 1065.18777687 1919.98020823 1489.12625388 2801.55849484 1967.56346785 1057.20858869 1469.66798972 577.479003947   2125.672129 904.734767763 2335.08372441 2682.65241878 1248.11858411 2296.57353464 2079.08537583 2205.23218732 2351.04785149 1098.68011723  438.21455932 737.520847163 1537.38771948 2806.62163463 649.536758005 2329.13395922 1894.78969809 2398.27271177 2465.98175176 334.741691458 2391.21935422 995.600321414  1142.9142575 2710.78678616 1025.69488641 2420.71167222 590.811306595 2425.02061847 1805.54285466 904.091256456 1240.97421408 654.548699487 2031.35865863 2340.57129778 934.104919161 648.056324713 437.905240891 478.831912053 1295.37330527 2538.41092024 931.189024849 1209.05955188 2762.58809814 1609.17898321 1460.17978345
 869.508481845 3050.00983605  1149.9608689 2910.01048108 1077.83950568 2374.83346785 935.624390447 746.906285956  1824.5547402 1409.83155022 3051.86189072 1097.41605602 2034.09562214             0 1580.18543216 412.292371989 1081.50358298 2476.34609859 2094.66560577 1583.49107986 968.773451329 1549.24820478 1553.67596364 2627.82800046 857.913748578 779.641584319 2552.59319125 1777.56968921 2783.86583728 1489.03727287 1415.40276953  1213.5934245 1201.31344786 2490.88277524 890.164029828 1608.49401615 2620.65888662 1078.78172028 1756.00711844 838.403244269 2397.93452788 1132.96954946 1953.23961664 116.400171821 934.824047615 1124.20994481 803.560203096 1084.55059817 1351.20427767 1492.65535205 1236.78171073 73.6002717386 2641.09314489 953.648258007 2108.13021419 1474.22284611 1354.09453141 1245.61832035 1526.48124784 1636.54666906 270.896659263 1248.65888056  1083.0770979  1421.8948625 976.621216235 1598.37448678 2710.89542403 996.751724353  1104.7624179 2567.63646181 308.415304419 394.893656571 407.019655545    921.382114 2269.94735622 1052.72266053 2830.39308224 2745.13278367 677.102651006 1330.46044661 437.321392113 2617.96275757 699.811403165 1096.06569146 2798.48566193 1918.80796329 2447.69217836 868.256298566 370.519904998 1188.92766811 1974.32165566 2469.16058611 1805.33459503 2199.14642532 1487.34427756 2859.36531419 1118.18424242 1413.27775048 961.007804339 2777.13989565
  1050.4537115 3019.56453814 1822.03951659 2921.34164383 1766.35443782 2721.91476722 903.839034342 1483.22250522 1616.32484359 1012.87758392 3063.27879893 692.369843364 2151.62008728 1580.18543216             0 1612.08963771 568.570136395  3338.7099305 2961.41756596 22.1359436212 951.262319237 2489.29949986 237.716217369 3452.27721946 968.133255291 1936.75734154 2366.38669706 449.177025236 3535.09052218 1990.15225548 1582.24176408 640.488095127  2234.7841059 2920.74733587 693.069982036 568.940242908 2959.79137778 2264.05123617 2565.72972076 760.995400775 2186.10887195  1828.5868861 2809.18226536 1684.96439132 813.049813972 1870.69452343 1497.17901401 1924.80752284 279.630112828 668.282874238 1099.42757833 1530.89548957 3155.95516445 891.096515536 2583.89725028  108.00462953 1282.12713878 505.063362362 672.200119012 941.726605762  1744.0725329 337.053408231  571.18298294 348.810836988 1375.83756309 1897.62931048 2486.09734323 2237.73546247 1257.22949377  2799.5794327 1780.33760843 1883.78050738 1556.10957198 982.389433982  2161.8133592 760.171691133 3147.20526817 3253.56174062 1881.63173868 1151.30404325 1930.81226431 2542.53593878  1184.7877447 532.016917024 3052.55892654 2842.54991161 2116.02953666 721.282884866 1896.25763018 1919.01667528 2536.48023844 2448.61185164 2280.85356829 3063.87613979 516.113359641 3070.65139669 1048.86700778 871.644422916 765.403161739 3479.65975348
  671.30469982 3442.14250141 740.016891699  3303.9400721 1483.49486012  2783.2062446 789.240140895 1135.55272885 2168.55827683 1685.90925023 3447.16260133 997.934366579 2423.13928613 412.292371989 1612.08963771             0 1216.16322918 2875.30676624 2497.35159719 1620.86304172 790.537159152 1953.93781887 1524.89999672 3028.53446406  1118.2776936 408.795792542 2922.96510414 1704.54715394 3188.53508684 1894.00976766  1785.7911412 1105.48450916 1605.57061508  2902.2067466 940.177110974 1492.56557645 3030.15412149 1468.28505407 2165.51010157 968.911244645 2761.96759575 1540.65732725 2358.29429885 480.751495057 1146.11212366 712.065305994 429.839504932 1496.56573528 1435.21984379 1690.38013476 977.434396776 466.401114921 3053.37878423 1198.08180021 2518.96208784 1504.37030016 1683.68672858 1181.39747757 1382.35306633 1882.31878278 252.178508204 1277.04972495 1052.02328872 1374.87817642 1340.43649607 1991.41457261 3080.03847379 1379.68873301 801.177258789 2972.31795069 261.520553686  751.38804888 56.0357029045 741.356864135 2642.49730369 936.680308323 3240.10493657 3157.40162159 316.412705181 1637.92856987 371.732430654 3000.78156486 485.473995184 1214.70696055 3205.78617503 2319.08106801 2798.20978484 903.332718327 382.426463519 1599.26608168 2386.25166317 2854.56494058 2213.87714203 2600.81910174 1386.20416967 3265.13782251 1412.15615284 1215.74051508 1157.12445312 3184.51016641
 854.419686103 2712.97364528 1633.86290735 2597.90088341 1221.65134142 2293.43846658 738.756387451 917.767399726 1290.91053137  665.07518372 2744.29754218 632.056959459 1759.63206381 1081.50358298 568.570136395 1216.16322918             0 2816.69309652 2432.51351486 563.213991303 811.815249918 1941.26247581 662.281662135 2938.34817542 404.467551232 1596.31607146 2088.31271605 931.841188186 3035.84798697 1490.59249965 1125.59184432 680.068378915 1673.27821954 2478.04136366 321.474726845 907.379193061 2541.30065124  1696.0424523  2036.6946261 250.059992802 1907.82179461 1286.63359198 2278.93944632 1174.58290469 249.002008024 1662.04753241 1244.86344633 1371.02151697 295.237192779 500.793370563 1094.51404742 1022.05919594 2699.37344582 341.222801114 2118.96224601 482.888185815 854.902333603 575.462422752 927.163955296 752.173517215 1288.51270851 337.094942116  456.24773972 616.000811688 837.613872856 1437.05010351 2227.91382239 1669.17584454 1162.84564754  2405.0049896 1327.79893056 1342.26115194  1163.4126525 814.295400945 1844.34080365  668.83854554 2740.04105809 2800.78417591 1520.69786611 737.010854737 1478.68184543 2233.48987014 905.115462248 47.4341649025 2659.94360842 2303.36492984 1880.21301985 366.001366118 1430.27724585 1377.41968913 2050.92857018 2116.76829152 1802.92456858 2537.10642268 791.060680353 2690.71663317 561.100703974 1007.55744253 200.942777924 2989.09083167
 3242.25369149 1746.08648125 3612.20209844 1632.51493102 1604.61833468 1027.17671313 3240.89138973 1963.77009856 1994.26427537 2386.58018931 1678.97141131 3296.31673235 1489.23638151 2476.34609859  3338.7099305 2875.30676624 2816.69309652             0 391.737156777 3325.61603316 3302.08237329 934.248360983 3476.90566452 159.655879942 2425.94517663 3153.16238085 1876.83403635 3746.24825659 356.792656875 1355.28373413 1789.69857797   3393.944755 1277.51790594 863.037079157 2927.33906475 3710.11927032 1023.87548071 1410.50345622  781.85228784 2752.75316729 1905.88352215 1537.17207885 544.541091195 2394.72691554 2574.09284992 3575.68035484 3279.52999681 1485.56386601 3066.42935676 2751.13830986 3619.64984494 2442.43751199 705.538801201 2475.60275489  912.06194965 3278.56020228 2092.33123573 3340.24265586 3699.16328377 2585.01934229 2651.11768882 3151.57119545 3174.41553676 3427.25560763 1979.35671368 1496.28105649 1959.25291884 1504.83088751 3539.37423848 1208.21893711 2664.83958241 2132.40544925 2879.99600694 3266.37735113 1760.67515459 3288.49889767 1097.66342747 736.483536815 3057.77860546 2219.76237467 2674.01196706 1713.36306719 3116.39054035  2863.0211316 1198.28043462 557.854819823 2080.95386782 2943.59864791 2603.17287171 1447.63151389 867.439911464 1618.80079071 1115.71725809 284.529436087 3586.39442895 1286.23015048 2289.86680835 3694.28585792 2620.51178208 415.740303555
 2851.40404012 1714.02917128 3236.17830164  1582.1014506  1216.0567421 900.187758193 2849.22533331 1572.39467056 1687.00444576 2027.76453268 1660.26052173 2905.08003332 1233.30977455 2094.66560577 2961.41756596 2497.35159719 2432.51351486 391.737156777             0 2948.93675754 2910.56042713  546.62784415 3093.90125893 535.014018508 2038.95071054 2787.97794109 1704.00117371 3363.45923121 693.046174508  993.35794153  1434.7937134 3003.18048076 893.430467356 809.911723585 2536.95880928 3322.28370252 993.793238053 1042.34831031 396.107308693 2363.10981548 1698.45871307 1149.06744798 153.951290998 2016.65887051 2188.38387857 3201.95940012 2896.63822387 1093.95520932 2687.13769651 2388.70090216 3228.47967316 2058.38893312 768.641008534 2091.29266245 687.419086148 2898.41767177 1732.89699636  2950.9376476 3309.38136213 2238.50686843 2278.40580231  2766.2525192 2784.40370636 3040.90989672 1594.93730284 1158.34580329 1811.18138241 1140.32363827 3150.14983771 1124.88977238 2294.00784654        1761.0 2499.97539988 2875.02573902 1539.37162505 2896.92060644 1134.00573191 844.422879842 2690.85934229 1857.57072544 2311.55229229 1574.20614914 2727.19636257 2478.53020962  1198.3029667 185.924715947 1867.53982555 2552.76810541 2238.55868808 1058.99622285 585.260625704  1454.3651536 800.193101695 107.224064463 3198.09771583 1288.35786954 1913.79204722 3302.73371618 2235.14652764 703.484186034
 1064.59241027 2999.08319324 1838.26059088 2901.18268987 1755.77732073 2704.48701236 918.100756998 1475.87025175 1596.92329183 995.253234107 3043.00197174 707.956213335 2133.36283834 1583.49107986 22.1359436212 1620.86304172 563.213991303 3325.61603316 2948.93675754             0 966.541256233 2478.75170197 259.832638443  3438.5979701 960.810074885  1948.2671788 2345.65129548 468.984008256  3520.4944255 1976.17104523 1566.67195035 658.316793041 2226.26368609  2903.7487839 698.091684523 591.074445396 2941.95258289 2257.57081838 2553.37913362 760.875811154 2165.45099229 1817.70184574 2796.85055017 1687.57962775 806.089325075 1886.41564879 1511.00132363 1915.17153279 271.449811199 648.820468234 1118.54056699 1533.43568499 3139.41857674 882.302102457 2567.90751391  117.08543889 1266.00157978  522.07374958 694.087170318 921.225813794 1750.17056312 344.326879578 583.249517788 369.054196562 1365.03955987 1881.87911408 2465.04563852  2232.1886121  1274.7956699 2781.08557941 1786.64490036 1883.83252971 1564.91948675 997.016048015  2141.8330934 775.505641501 3128.96292723 3236.84692255 1892.27482148 1135.08986428 1937.31618483  2522.2357146 1196.84418368 527.882562697 3033.92979484  2830.9892264 2094.83101944 727.332798655 1901.95609834 1908.04219031  2521.4587048 2428.77458814 2265.59241701 3051.20189434 537.818742701 3051.68314214 1035.77796849 892.601814921 758.632981092 3464.60185303
 120.619235614 3475.21884203 874.953713061 3351.96076946 1728.57513577  2964.3265677          75.0 1349.98407398 2071.56028153 1463.83639796 3499.10002715 259.237342989 2483.49612442 968.773451329 951.262319237 790.537159152 811.815249918 3302.08237329 2910.56042713 966.541256233             0 2371.95784111 798.634459562 3442.39248198 1004.50286212  1026.3045357 2871.80396267 933.134502631 3572.62998364 2092.10754982 1819.69915096 338.710791089 2043.15246617 3126.08781067 504.335205989 705.844883809 3217.22442487 1976.63248987 2532.51673242 669.341467414 2693.79806222 1796.42589605 2759.21818637 1084.27717858 919.461799098 920.435766363 555.208969668 1820.32085084 880.366400994 1297.78965938 324.784543967  960.28797764 3322.11935367 1021.19978457 2746.98471055 853.899877035  1600.0356246 452.553864197 591.818384304 1562.52775975 1002.08432779 664.036896565 405.770871305 642.125377166 1422.10302018 2104.25877686 3017.02701347 1911.39739458 351.229269851 3108.62107694 1027.28477065 1359.50027584 738.886324139 49.6487663492 2614.48752148   191.0942176 3424.00014603 3426.69111535 991.545258675 1501.61146772 1158.65093967 3000.91602682 305.132757992 780.329417618 3360.07261826 2751.53084664 2679.56507665 463.914862879 1154.30022091 1879.05215468 2647.50448536 2873.67360708 2424.18171761 3017.76291315 607.977795647  3401.8841838 1286.58695781 444.962919803 895.483109835 3545.43593935
 2309.49193547 1910.16910246 2693.57160662 1765.43167526 722.974411719 1080.90702653 2312.29345024 1049.13154561 1428.13514767 1622.54275753 1876.68031375 2378.29266492 1134.00396825 1549.24820478 2489.29949986 1953.93781887 1941.26247581 934.248360983  546.62784415 2478.75170197 2371.95784111             0 2602.88244068  1081.4665968 1539.46549166   2255.532088 1701.30832009 2872.01462392 1234.79269515 650.035383652 1067.46287992 2479.76470658 348.367621917 1099.83135071  2017.1826888 2812.72056913 1271.72677883 522.245153161 251.644590643 1848.32085959 1638.04883932 661.925977735 404.357515078 1473.71808702 1693.11606218 2661.08286229 2350.46484764 573.027049972 2210.80641396  1965.4806028 2687.66087891 1512.02017182 1171.39959023 1602.70178137 787.680772902 2417.85462756 1335.74623338  2435.8113638 2791.03081316 1860.43677667 1739.66232356 2268.60595961 2266.05428002 2538.14440094 1113.85681306 871.029850235 1839.26615801 623.929483195 2605.13531318 1319.12433076 1757.05719884  1225.3836134 1955.23630285 2335.25095011 1468.73176584 2366.53016038 1460.15238931 1268.05835828 2156.86856345 1447.65500034 1783.68158593 1635.65185782 2182.15352347 1985.76181855 1479.59453905 379.591886109 1783.89489601 2029.93522064 1708.51192562  572.52510862 624.570252253 1489.10980119 660.149225554  652.47911844 2686.91961175 1561.78615694 1458.21603338 2772.21067021 1740.87851385 1232.36520561
 909.620800114 3237.00803212 1648.81927451 3135.31178673 1883.92383073  2906.9353278 765.101300482  1570.3502794 1823.99808114 1206.11525154 3278.45237879  544.61454259 2346.33075247 1553.67596364 237.716217369 1524.89999672 662.281662135 3476.90566452 3093.90125893 259.832638443 798.634459562 2602.88244068             0 3596.49065062 1063.76924189 1816.15693155 2587.00309238  269.61639416 3688.92233586 2141.33719904  1751.5416067 464.249932687 2328.27253559 3100.93727766 673.071318658 331.879496203 3148.83629298 2336.01048799 2697.90770784 791.803637274 2406.02514534 1948.89224946 2940.47207094 1664.72159835 909.774147797 1702.92953465 1353.77176806  2031.6380091 427.766291332 881.383571438 896.674968983 1513.31754764 3330.92089369 1003.07527135  2754.0679004 222.193609269 1458.84783305 350.068564713 436.646309958 1162.33730044 1685.19969143 339.835254204 477.984309366 156.518369529 1499.08305307 2067.29291587 2710.11309727 2300.01586951 1071.97434671 2995.77736155 1718.81267158  1889.1733642 1469.13988442 837.100949707 2374.53153274 612.726692743 3340.34489237  3430.2951768 1771.11518541 1329.94511165 1865.82662646 2758.30563934 1066.10740547 617.217141693 3249.92999925 2965.64546094 2341.87318188 688.077030571 1840.39397956 2039.68330875 2696.63957547 2659.49487685 2444.19393666 3198.17010179 283.820365725 3271.64194251 1198.78480137  647.24415795 862.070182758 3638.47839076
 3384.89601022 1698.67948713 3766.25888648 1594.11323312 1734.34310331 1035.98552113 3380.21730071 2099.27249303 2065.25543214  2486.7257589 1627.28516247 3430.35420912  1540.4950503 2627.82800046 3452.27721946 3028.53446406 2938.34817542 159.655879942 535.014018508  3438.5979701 3442.39248198  1081.4665968 3596.49065062             0 2551.81347281 3310.00135952 1885.69032452 3865.36958129 204.980486876 1462.99692413 1889.71135362  3526.3234395 1427.28623618 850.165278049 3058.91484027 3836.20137636 993.330257266 1565.96615545 912.901418555 2882.77643948 1929.61602398 1666.38891019 683.670242149 2547.80709631 2697.99332838 3730.49272885 3430.45784116 1622.90172222 3182.32572186 2852.98229928 3761.33393891 2592.57651768 655.195390704 2597.86854941 965.571851288 3395.10957113 2193.95624387 3469.17987426 3828.91903806  2676.1362073 2806.06575119 3274.33916997 3304.95506777 3551.22359195 2102.67092052 1588.27107258 1956.53418064 1661.13274605 3684.90162691 1192.66130984 2820.30494805 2287.55087375 3032.34777029 3407.47252373 1792.34622771 3424.27291553 1037.35480912 664.115953731 3214.24890138 2322.89151705 2831.24177703 1710.04239714 3261.97976695 2985.00921272 1149.32066892 709.461767821 2105.62698501 3076.40455727 2760.00018116 1577.91032698 946.176516301 1627.64922511 1201.69089204 429.083907878 3713.32479053 1234.00243112 2403.97836929 3829.75325576 2743.90233062 284.608503035
 999.202181743   2476.155084  1693.6971394 2350.45208417 823.729324475 1970.64101246 930.798044691 515.097078229 1097.62288606 567.733211993 2497.54379341 911.057627156 1479.03515847 857.913748578 968.133255291  1118.2776936 404.467551232 2425.94517663 2038.95071054 960.810074885 1004.50286212 1539.46549166 1063.76924189 2551.81347281             0 1525.69230187 1889.80951421 1332.64924117 2657.69618279 1124.74708268 815.596101021   992.4963476  1268.9310462 2142.11134164 530.637352624 1284.46292278 2222.60500314 1297.72185001 1644.29224896 348.539811212 1716.23366707   890.0808952 1885.05517161 923.483080516 155.666309778 1703.88966779 1285.80752836 967.868792761 689.400464172 650.590501007 1323.90520809 786.984752076  2351.3070833 102.004901843 1770.75266483 886.682017411 610.196689601 920.650313637 1281.36840916 779.567187611 1110.20043235 729.458017983 763.748649753 1002.08632363 451.669126685 1107.34321689 2040.38868846  1276.4771835 1331.08827656 2106.48071437 1150.40166898 1026.00048733  1075.0781367  987.30795601 1623.27724065 922.583871526 2427.31559547 2454.58957873 1434.58007793 534.809311811 1291.61371934 2005.77790396  971.69954204  447.46396503 2359.03581999  1904.8611498 1724.18705482 559.361242848  1228.1551205 980.520779994 1688.03850667   1874.287598  1449.2429058 2144.43768853 1161.59588498 2398.88182285 305.286750449 1313.12223346 203.725305252 2616.49574813
 909.375609965 3829.56616342 530.065090343 3689.65066097 1854.91374463 3146.17942909 1051.48371362 1524.43628926 2575.30988427 2092.93000361 3831.46603795 1271.96108431  2812.9802701 779.641584319 1936.75734154 408.795792542 1596.31607146 3153.16238085 2787.97794109  1948.2671788  1026.3045357   2255.532088 1816.15693155 3310.00135952 1525.69230187             0 3323.46581147 1958.11261167 3480.83467002 2265.88283016 2185.26154041 1364.27636496 1910.79695415 3252.93498244  1300.1557599 1721.11882216 3389.20462646 1745.77461317 2482.03545502 1354.84796195 3164.63031016 1907.88809944 2657.03631891 810.950060115   1546.851318  467.42379058 489.612091354   1847.120191 1790.47758992 2082.20195947 1101.09218506 845.422971062 3389.30376331 1603.40699761    2873.30959 1831.28588702 2091.64552446 1466.08935608 1592.64371408 2284.21934148 529.120024191 1611.16417537 1365.71190227 1660.52040036 1741.21107279 2377.83977593 3481.09537359 1649.09823843 888.932505874  3343.6321568  504.36593858 1030.36401335 450.699456401 983.172416212 3041.94049909 1204.49823578 3598.08643587 3492.02820722 102.883429181 2046.72323483 480.667244567 3395.11943825 753.018592068 1589.53609585   3571.193778 2604.86180056 3204.27526907 1259.38715255 550.003636352 1958.71641643 2733.40026341 3247.17800559 2577.28733361 2887.82444065 1632.17646105 3634.04966945 1820.80668936 1386.34808039 1554.76589878 3486.33288715
  2882.4373367 658.656207744  3572.9161759 583.270949045 1544.72586565  851.07578981 2796.80621424 1808.00027655 800.432383153 1424.19696671 712.632443831 2719.75623908 585.714094077 2552.59319125 2366.38669706 2922.96510414 2088.31271605 1876.83403635 1704.00117371 2345.65129548 2871.80396267 1701.30832009 2587.00309238 1885.69032452 1889.80951421 3323.46581147             0 2812.94898638 1831.36479162 1191.16917354 1138.25700086 2765.20469405 1827.76639645 1041.12103043 2369.33830425 2908.45543201 938.166829514 2043.25671417 1514.93399196 2203.76859039 181.620483426 1516.26119122 1635.74722986 2551.80034485  1953.2014745 3575.92897021  3165.5655103 1642.22592843 2180.64325372 1706.26375452 3175.59396019 2482.70517783 1275.96747607 1854.70887203 1017.33229576 2366.15405247 1279.72809612 2648.49561072 2971.60646789 1425.20209093 2820.87238279 2372.84997419 2544.53846503 2624.69979236 1582.68284884 998.389202666 158.902485821 2122.49899882 3212.06973772 719.481062989 2855.66454613 2451.89416574 2892.40056009  2862.0847297 283.480158036 2752.22400978 1025.46428509 1325.41691554  3222.8633232 1370.37111762 2958.08755787 218.048159818 2860.82855131 2129.81219829 892.328414879 1751.69061195 290.015516826 2408.31995383 2878.95206629 1511.25940857 1143.47977682 258.306020061 1041.50516081 1742.81410368 2817.56508354 860.568416804 1590.70424655 3089.79772801  1976.3896377 1727.24346865
  1052.3977385 3467.29548784 1722.98461978 3370.04287807 2153.44375362   3164.281277 918.610363538 1837.20793597 2065.38955163 1457.59013443 3511.69318136 706.823881883 2597.92628841 1777.56968921 449.177025236 1704.54715394 931.841188186 3746.24825659 3363.45923121 468.984008256 933.134502631 2872.01462392  269.61639416 3865.36958129 1332.64924117 1958.11261167 2812.94898638             0 3956.51677616 2408.89393706 2014.46196291   600.3540622 2595.17167062 3360.60783193 917.828960101 260.163410187 3404.12529147 2598.38257383  2967.4475564 1051.10703546   2633.112227 2218.47199667 3210.05062265 1891.21151646 1179.02078014 1784.80531151 1477.43053982 2300.44256612 689.237985024  1117.4300873 939.751562914 1742.83016958 3592.77678127 1272.69045726 3017.39042883 476.681235209 1718.75594544 533.719964026 405.389935741 1389.63340489 1885.72028679 605.413082118 695.420735958 359.662341648 1768.68114707 2330.38644864  2930.3610699 2559.78514723 1141.83799201  3246.5866691 1916.91888196 2127.84515414  1649.9348472 978.435996885 2610.81232569 768.237593457 3593.24212933 3691.49942435  1924.5596899 1588.85776582 2059.61258493 2990.89836002 1226.83087669 886.621678057 3499.97314275 3235.19798467 2559.00078156 926.343888629 2041.48010032 2309.25983813 2962.69404428 2897.74049908 2709.35508932 3467.67717644 326.013803389 3518.97541907 1465.57633715 647.385511114 1131.40001768  3905.1023034
