             0          31.0 309.260408071 1210.01033053 1150.79450816 150.013332741 181.011049386 598.205650258 696.649840307 299.006688888 331.006042241   488.2591525  1275.1133283 1227.09616575 472.885821314 763.466436721 845.993498793 818.849192465 715.017482304 624.238736382 579.366895844 610.145064718 660.705683342  746.74024935 846.690616459 870.175269701 773.266448257 690.544712528 641.938470572 716.660310049 757.250288874 786.640960032 849.368000339 1461.49033524 1428.40050406 1084.21492334 1146.68653084 1654.68456208 1631.37641273 1220.37903948 1356.53123812 1408.70756369 1423.82934371 1366.75747666 1317.49800759 1481.53062743 1426.76872688 1379.65357971 1357.83651446 1441.88245013  1487.0272358 1539.64736222 1598.13422465 1547.50411954 1504.17552167 1566.52513545 1608.17474175 1656.95202103 1673.16616031 2123.09420422 2114.84372945 1932.60989338 1972.07631698   2045.966031 2382.23634428 2379.01933578 2130.21876811 2160.22521974 2228.25716649 2263.65765963 2182.15535652 2226.41078869 2253.44048069 2288.50562595 2326.24009939 2291.75238628 2265.17990456 2269.11105942 2296.00195993 2322.22178097  2356.2635676 2300.09608495 2340.58048356 2343.74102665 2418.04259681 2451.30373475 2743.76566055 2744.84607947 2627.16006364 2658.48565917 2693.00074267 2724.00073421 2756.26577093 3022.58316676 3026.70992994 2843.00070348 2874.00069589 2927.85877392 2956.83022847 3189.39398632 2992.00066845 3024.00066138 563.071931462  1141.8428088 1742.83963691
          31.0             0 302.828334209 1207.58684988 1147.38180219 119.016805536 150.013332741 587.881790839 687.489636286 268.007462583 300.006666593 464.140065067 1265.31458539   1216.095391 442.438696318 742.699131547 827.000604595 797.386355539 690.333977144 595.806176537 548.613707448 579.366895844 632.000791139 721.466561942 824.486506864 847.416072541   747.5627064 661.635095804 611.138282224 686.367977108 726.645030259 755.913354823  820.42488992 1444.17485091 1409.99751773 1057.77360527 1121.49765938 1633.59542115  1609.3849757 1189.57135137  1328.3470932 1381.40870129 1395.60488678  1337.3290545 1286.94366621  1453.0829295  1397.2064987 1349.05930188 1326.92614715 1411.25334366 1457.34724757 1511.00132363 1569.31131392 1517.72000053  1473.5158635 1535.83853318 1578.29813407 1627.97082283 1642.24480514 2097.64486985 2088.81904434 1902.95612141 1942.89732101  2015.3039473 2355.54685795 2351.87159513 2099.28106741 2129.27217612 2198.26226825  2234.0270813 2151.17200614 2195.60014575 2223.00449842 2258.54222896   2296.242583  2261.2974152 2234.36277269 2238.12644862 2265.17990456 2291.75238628 2326.24009939 2269.11105942 2309.60169726 2312.80457454 2387.05613675  2420.5381633 2715.94937361 2716.68713694 2596.87831829 2628.47046778 2662.00075131 2693.00074267  2725.4507884 2994.17868538 2998.02401591 2812.00071124 2843.00070348 2897.43507261 2926.62296854 3160.71336885 2961.00067545 2993.00066823 533.240096017 1111.95413574 1712.30750743
 309.260408071 302.828334209             0 906.530198063 845.350814751 309.260408071 317.812838004 292.499572649 388.490669129 372.828378748 392.562096999         307.0 966.995346421 920.624244738 440.868461108 511.938472866 576.753846975 571.552272325 511.753847079 499.151279674 545.893762558 574.206408881 537.819672381 549.637153038 605.707024889 634.149036111 580.831300809 569.661302881 603.709367163 639.831227747 693.052667551 728.155203236         716.0 1174.87871714 1147.81967225 888.875694347 931.240033504 1390.63330896 1374.78907473 1145.94109796 1185.85370093 1219.94631029 1252.61965496 1226.48929877 1222.55511123 1314.05669588 1289.17221503 1285.42988918 1290.12945087 1348.31635754 1351.88461046 1375.63512604 1437.33677334  1414.6225645 1411.21295346 1474.11838059 1477.38282107  1499.1464238 1600.26903988 1899.05160541 1898.43356481 1789.98351948 1815.45724268        1945.0 2173.80127887 2177.77707766 2053.63920882 2085.86792487  2094.2024735 2117.17736621 2114.32920805 2134.70864523 2137.71653874 2152.81490147 2191.48009345 2176.64994889  2173.6959309 2200.84188437 2204.68614546 2207.59869542 2222.22231111 2231.67739604 2270.01519819 2264.97240601 2349.09088798        2354.0 2552.22099357 2559.79256972 2501.54832054  2522.1141925 2631.27288589  2662.0717496        2661.0  2841.3174761 2851.46015227 2780.34116612 2811.16097013 2807.06697462  2826.2790025  3013.4219751 2928.50985998 2960.34220995 487.643312268        1023.0        1638.0
 1210.01033053 1207.58684988 906.530198063             0 70.6611633077 1207.66261845 1209.08643198 654.159766418 555.009909821 1221.70782104 1227.06560542 947.107174506         307.0 344.804292317 1173.96166888 765.124826417 686.046645644 776.600927118  908.08865206 1068.48912021 1225.63493749 1237.72856475 1085.14376928 928.663555869 800.562302385 821.084648499 946.412172365 1100.37130097  1250.8956791 1210.13098465 1260.40192002 1290.54600848  1135.8085226         717.0 750.648386397 1043.10929437 989.881306016        1024.0 1056.87936871 1537.41666441  1298.1494521 1257.73288102 1341.86623775 1422.01300979 1544.00323834 1397.99427753 1475.09457324 1593.02510966 1662.57180296 1643.00030432 1528.92936397 1454.68518931 1511.87565626 1583.44055777 1693.84444386 1745.48159543 1638.56064886 1569.51107037 1900.53939712        1638.0 1671.18790087 1856.04849075 1830.69385753  2117.6005289        1945.0 1978.00353893 2282.82653743 2317.70964532 2146.51461677 2125.78479626 2361.14315534 2312.16997645 2242.99108335 2193.05563085 2230.48156235 2279.59733286 2347.69780849 2437.81049304 2376.01557234 2308.75052788  2260.2683469 2465.29450573 2494.11346975 2466.49082707 2570.64291569 2493.42435217        2355.0 2386.83158183 2540.50487108 2524.31396621 2851.09417593 2879.20909279 2781.67862989        2662.0 2693.73680971 2987.66430511 3016.04791076 2838.48762548 2824.87521848        2843.0 3124.54364668 3154.08386065 1141.32598323 1343.46566759 1844.79944709
 1150.79450816 1147.38180219 845.350814751 70.6611633077             0 1144.02797169 1144.66457969 587.307415243 487.283285164 1154.72291049 1159.50722292 877.601845942 282.124086175         307.0 1104.29389204 694.818681384 616.730897556 707.085567665 837.602531037  997.84267297 1155.21859403 1167.19192938 1014.48903395  858.41307073  731.61806976 752.659949778 876.415997116 1029.76696393   1180.278357 1139.53060512 1189.87898544  1220.0999959 1066.32921746 687.890979734         716.0 979.417173629 929.185664978 993.998490945        1023.0 1470.74980877 1239.64712721 1202.39968397 1284.96303449 1361.15318756 1479.43671713 1341.96907565 1415.09328314 1529.21025369 1597.04226619 1579.92816292 1469.75440125 1399.48919253 1457.46252096 1525.05901525 1631.50237511 1683.85420984 1580.93959404 1515.83706248 1838.56057828  1607.2352037        1638.0 1804.75843259 1782.13832235 2062.17676255 1914.03709473        1945.0 2225.38086628 2260.26569235 2097.64486985 2079.39654708 2303.16347661 2257.30923889 2191.60443511 2145.11584769 2182.79201941 2228.49478348 2293.14282154 2380.52872278 2321.69873153 2257.86846384  2212.7724691 2408.25455465 2437.61051032 2410.98693485 2514.49120102 2441.17389794 2323.85412623        2354.0 2494.09582815 2480.09072415 2795.77127104 2824.08569275  2731.3463713 2630.75445452        2661.0 2933.28092756 2961.85077274  2793.5126633 2781.89881196 2811.70588789 3071.03174845 3100.75152181 1070.91082729 1277.59500625 1786.41372588
 150.013332741 119.016805536 309.260408071 1207.66261845 1144.02797169             0          31.0 564.526350138 666.685083079         149.0         181.0 382.487908306 1236.17878966 1182.42843335 327.061156361 672.027529198 763.186084779 723.083674273 602.456637444 490.560903456 431.223839786 461.806236424 525.178065041 630.575134302 746.673288661 766.968708619 654.480710182 553.653321132 493.429832904 571.316024631 609.921306399 638.526428584 711.776650362 1383.89956283 1345.36240471 959.980208129 1029.04713206 1557.27486334  1529.3662086 1071.66459305 1222.34078718 1279.22046575 1289.35099953 1225.77730441  1170.2499733 1345.79679001 1285.01867691 1232.16395013 1208.48334701 1294.18275371 1344.60179979 1402.80076989 1460.29757241 1404.48317897 1356.29200396 1418.47982009 1464.62623218 1518.23120769 1523.73258809 2002.61154496 1991.39046899 1790.17345528 1832.16620425 1898.01923067 2255.18824048 2249.60107575 1980.67463254 2010.58424345 2083.93138083 2121.27178834 2032.31149187 2077.61521943 2106.72684513  2144.3399917   2181.886569 2144.93193365 2116.34590745 2119.25765305 2147.13879384 2175.32020631 2211.76716677 2150.23952154 2190.76813013 2194.20190502 2268.17503734  2302.7570432 2610.76119168 2610.06743208 2481.25170025 2513.99960223        2543.0        2574.0  2607.4318783 2886.47414677 2889.14260638        2693.0        2724.0  2781.1682797 2811.29738733 3051.82863215        2842.0        2874.0   421.0106887 998.451300765 1595.64720411
 181.011049386 150.013332741 317.812838004 1209.08643198 1144.66457969          31.0             0 561.911914805 664.146068271         118.0         150.0 364.178527648 1229.85568259  1174.9723401 297.321374946 655.470823149 748.316777842 705.309152074 581.003442331  463.96228295 400.705627612 431.223839786 498.001004015  608.12663155 727.814536816 747.295122425 631.311333654 526.061783444 462.793690536 541.480378223 579.559315342 607.961347456 683.810646305 1369.00146092 1329.30997138         935.0 1005.53716987 1537.87450723 1508.97050998 1040.92266764  1194.8832579 1252.81203698 1261.80386748 1196.76773018 1139.82805721 1317.94764691 1255.82243968 1201.68423473 1177.60137568  1263.6534335  1315.2433235 1374.68578228 1431.94762474 1374.98290898 1325.71980448 1387.87031094 1435.00139373 1489.67278286 1492.83086785 1977.96309369 1966.09689487 1760.76176696 1803.30197138 1867.41800355 2229.06370479 2222.96468708  1949.7489582 1979.64037138 2054.09274377 2091.84726976 2001.33180657 2046.83658361 2076.37978222 2114.53280892 2152.03763908 2114.56142025 2085.55915764 2088.27632271 2116.34590745 2144.93193365   2181.886569 2119.25765305 2159.79350865  2163.2764502 2237.19131949 2272.02662837 2583.31279562 2582.23953188 2451.06446264 2484.11050479        2512.0        2543.0 2576.64161264 2858.34392612 2860.70271087        2662.0        2693.0 2750.81260721 2781.18140365 3023.38105438        2811.0        2843.0 392.230799403 968.938594546 1565.21468176
 598.205650258 587.881790839 292.499572649 654.159766418 587.307415243 564.526350138 561.911914805             0 102.239913928 567.553521705 573.275675395 312.296333632 677.445200736 628.955483321 535.941228121         307.0   331.1027031 362.794707789 386.005181312 480.520551069 607.608426538 626.572421991  509.92744582 422.796641425 401.717562474 433.664616956 453.260410802 535.456814318 647.123635791 637.372732394 693.329647426 728.243091282 637.435486932 891.241830257 869.433148666         716.0 731.149779457 1124.96977737  1116.3301483 1086.56569061        1023.0 1036.03330062   1086.265161  1094.2358064 1137.68053512 1149.25062541 1156.78736162  1197.9657758 1229.11756964 1258.51698439 1219.38509094 1212.23760047 1275.22586235  1282.0222307 1319.29754036 1380.27714608 1344.69327358 1338.21522933 1521.32080772 1665.39514831 1671.93839599        1637.0 1648.15927628 1829.56852837 1951.99385245 1962.59139915 1959.64129371   1993.393338        1944.0 1954.66314233 2027.60153876 2024.65429148  2004.4839735 2000.14399482 2039.14124082 2043.39839483 2063.18830939 2112.14795883 2093.83022234 2074.33266377 2070.13912576 2142.32117107 2177.98186402 2165.17343416 2257.37901115 2235.17337135 2342.82308338  2356.2635676        2354.0 2364.20134506 2542.66022111 2572.90536165 2540.34033153 2639.27963657 2654.80488925 2689.16734325 2719.49296745        2661.0 2670.94833346 2815.12273267   2835.059435  2866.4336727 526.307894678 926.240249611 1526.30796368
 696.649840307 687.489636286 388.490669129 555.009909821 487.283285164 666.685083079 664.146068271 102.239913928             0 667.690047852 672.227640015 398.246155035 578.571516755 532.730701199  625.01999968 316.865902236         308.0  363.46801785 426.287461697 548.405871595 688.567353278 705.050352812 573.694169397 459.273339091 401.646610841 433.081978383 487.003080072 596.124986895 723.065695494  702.49911032 757.385634931 791.252804102 679.462287401 815.098153599 799.002503125 716.299518358         717.0 1063.64091685  1060.3706899  1124.1788114 1021.10724216        1024.0 1081.81560351 1104.50758259  1165.6423122  1144.6606484 1166.13035292 1224.19156998 1264.29308311 1283.16249945 1227.89291064 1207.52184245 1270.39678841 1289.77517421 1342.49953445 1402.15619672 1351.76070368 1333.28354074 1547.40104692 1621.94944434 1632.47082669 1633.18829288        1638.0 1839.96195613 1913.93860926 1927.96524865 1977.51485456 2011.67045015 1939.68373711        1945.0 2047.83324516 2036.15765598 2006.92426364 1994.52575817 2033.49649619 2045.65881808 2074.34640309 2131.29162716  2104.7227846 2076.45491162 2064.47402502 2161.09717505 2195.62883931  2179.9782109 2274.84263192 2242.41231713 2309.96991322 2326.27105042 2349.21540094        2355.0 2560.33161915 2590.28666367 2545.86802486 2609.33708056 2627.40366141 2705.49403991 2735.55935779 2655.95933704        2662.0 2786.61533047 2850.18473086 2881.31653936 605.370134711 953.398132996  1540.1470709
 299.006688888 268.007462583 372.828378748 1221.70782104 1154.72291049         149.0         118.0 567.553521705 667.690047852             0          32.0  313.32092174 1212.75430323 1153.79200899 187.882942281 602.961026933 701.434244958 646.839238142  508.43386984 369.054196562 285.490805456 315.559820002 399.676118876 530.616622431 664.417037711 680.172037061 550.216321096 425.352794748 346.770817688 429.424032863 464.759077372 492.114823999 580.187038807 1317.43424883 1273.27019913 843.576315457 920.115753588 1467.67639485  1434.8142737 924.062768431 1092.10347495 1154.38035326 1158.54434529 1087.34952982 1024.34564479  1213.3400183 1145.55576032 1085.93416007 1060.11367315 1147.67591244 1204.24457649   1268.897553 1325.12112654 1263.34872462 1209.54743603  1271.5297873 1322.81253396 1381.92944827 1375.24543264 1885.85524365 1871.38905629 1649.33986795 1694.12219158 1751.06424782 2130.81791808  2122.6587102 1832.05485726 1861.87110188 1940.84646482 1980.28407053 1883.41524896 1929.74402448 1961.05201359 2001.40475666 2038.73343034 1999.13431265 1968.43211719 1970.35276029 1999.19283712 2029.42972285  2068.4489358 2001.33180657 2041.89715706 2045.58084661 2119.25765305 2155.12343034 2479.59774964 2477.00322971 2336.35292711 2370.60013499        2394.0        2425.0 2459.48815813 2751.83175358 2752.95332325        2544.0        2575.0 2635.40243606 2666.73170754 2915.57284251        2693.0        2725.0 286.944245455 857.560493493 1449.59477096
 331.006042241 300.006666593 392.562096999 1227.06560542 1159.50722292         181.0         150.0 573.275675395 672.227640015          32.0             0 305.983659694 1210.05991587 1150.06956311 160.312195419 591.981418627 691.648754788 633.846195855 491.797722646 345.775939013 254.686081284 284.524164176 374.973332385 512.267508242 649.856907327 664.417037711 530.616622431 399.676118876 315.559820002 399.626075225 433.922804194 460.887187932  553.07956028 1304.93869588 1259.54952265 819.954267017 898.223246192  1449.7096261 1415.73020029 892.423666203 1064.77509362 1128.33417036 1131.03890296  1057.9948015 993.130404328 1185.40541588 1115.92562476 1054.63026697 1028.27282372  1116.2974514 1174.37855907 1240.58897303 1296.48524866 1233.27936819 1178.10568287 1240.03387051 1292.56682613 1353.00591277 1343.37038824 1861.38067036 1846.16819385 1619.28440986 1664.72159835 1719.54935957   2104.524887 2095.77479706  1800.1447164 1829.93879679 1910.23480232 1950.16024983 1851.43971006 1898.00948364 1929.83237614 1970.82444677 2008.10009711 1967.88465109  1936.6871198  1938.3750927 1967.43996096 1998.15740121 2037.77550285  1969.3534472 2009.92736187 2013.66953595 2087.27693419 2123.44178164  2451.6943121 2448.66514656  2305.3019325 2339.89422838        2362.0        2393.0 2427.73186328 2723.11035399 2723.87958618        2512.0        2543.0 2604.14477324 2635.74847055 2886.47414677        2661.0        2693.0 260.278696785 827.672640601 1418.30779452
   488.2591525 464.140065067         307.0 947.107174506 877.601845942 382.487908306 364.178527648 312.296333632 398.246155035  313.32092174 305.983659694             0 906.530198063 845.350814751 227.178344038 292.499572649 388.854728658 341.140733422 227.149730354 197.121789765 296.150299679 316.834341573 234.539975271 260.499520153 364.197748483 385.040257635 288.922134839 265.753645318 339.835254204 348.891100488 404.728303927 440.505391567         409.0 1007.62939616 966.143364103 602.037374255 659.276118178 1174.87871714 1147.81967225 843.299472311 888.875694347 931.240033504  956.15113868 921.653405571 916.411479631 1016.48020148 984.099588456 979.192013856 987.842598798 1041.99904031 1046.61215357 1077.11512848 1138.00702986 1109.17987721 1104.82804092 1167.67546861 1171.79392386 1199.11675829 1295.70444161 1635.81172511 1629.07489085  1486.9082016 1515.85883248        1638.0 1899.05160541 1898.43356481 1747.80576724 1780.22526664 1789.98351948 1815.45724268 1809.42228349  1827.8276724 1831.33967357 1848.94158913 1887.48827811 1870.24918126 1866.81038137  1895.7605334 1897.79714406  1901.1798968 1918.14102714 1926.53912496 1964.58087133 1958.75189853 2043.75756879        2047.0 2267.83531148 2272.16834764 2196.44280599 2218.73049287 2326.55324461 2357.29612056        2354.0 2552.22099357 2559.79256972 2475.36865941  2506.1414565 2501.54832054  2522.1141925 2722.19121298 2623.32556119 2655.11675826 217.138204837         716.0        1331.0
  1275.1133283 1265.31458539 966.995346421         307.0 282.124086175 1236.17878966 1229.85568259 677.445200736 578.571516755 1212.75430323 1210.05991587 906.530198063             0 70.6611633077 1120.02901748 654.159766418 555.208969668 641.753846891 795.841692801 974.888711597 1144.95414755 1149.64211823 980.984199669 804.493008049 652.451530767 662.815962391 812.921275401 987.907890443  1155.3341508 1093.52274782 1136.27901503 1161.19679641 981.692416187         410.0 445.477272148 824.293637001 752.552988168         717.0 750.648386397 1334.41260486 1043.10929437 989.881306016  1079.2627113 1177.42260892  1322.1758582 1131.33063249  1225.3264871 1365.00915748 1447.26569779  1409.3576551 1274.54462456 1184.46105888 1238.51725866 1324.93056422 1455.08281551 1502.05892028 1376.35605858 1293.38316055  1658.0328706        1331.0 1364.45520264  1571.8794483  1540.2652369 1844.79944709        1638.0 1671.18790087 2016.85943982 2051.62594057 1856.04849075 1830.69385753 2097.05793911 2036.94305271 1958.06435032 1900.65778087 1937.55232187 1993.89693816 2071.41159599 2170.75033111 2098.92281897 2022.46285504 1966.93670462 2197.24372795 2224.01551254 2192.99338804 2299.12070149 2210.22442299        2048.0 2079.95432642 2244.95345163 2225.51117724 2576.24241872 2603.67010199 2493.42435217        2355.0 2386.83158183 2709.67248943 2737.46196321 2540.50487108 2524.31396621        2536.0 2843.84844885 2872.85537401 1063.49047951  1135.8085226 1584.56176907
 1227.09616575   1216.095391 920.624244738 344.804292317         307.0 1182.42843335  1174.9723401 628.955483321 532.730701199 1153.79200899 1150.06956311 845.350814751 70.6611633077             0 1056.12120517 587.307415243 487.444355799 573.024432289 727.986950432  907.78686926 1078.38629442 1082.44630352 913.032858116 735.740443363 582.843032042 592.697224559 743.571112941 919.354664969  1087.5486196 1024.47693971   1066.760048 1091.40322521 911.243655671 383.214039409         409.0 755.174814199 685.204349081 687.890979734         716.0 1264.81619218 979.417173629 929.185664978 1017.34015944 1112.02023363 1254.02711294  1070.5372483 1160.88673005 1297.55654983  1378.6315679   1342.631744 1211.05945354 1124.74752723 1179.83134388 1262.38266782 1389.10222806 1436.83262769 1314.72164354 1235.67188201 1592.78874933 1300.52681633        1331.0 1517.46169639 1488.83914511 1786.41372588  1607.2352037        1638.0 1956.62796668 1991.44168883 1804.75843259 1782.13832235 2036.38527789 1979.41910671 1904.14941641 1850.45318774 1887.66787333 1940.33450724  2014.2524668  2110.8770689  2042.0479916 1969.17368457 1917.29940281 2137.64847438 2165.00254041 2134.98220133 2240.55015565 2155.66810989 2016.98413479        2047.0 2196.77331557 2179.73324056 2518.78383352  2546.4408495 2441.17389794 2323.85412623        2354.0 2653.29455583 2681.29837952 2494.09582815 2480.09072415 2504.79240657 2788.47359679 2817.68717213 997.439221206 1066.32921746 1522.65327636
 472.885821314 442.438696318 440.868461108 1173.96166888 1104.29389204 327.061156361 297.321374946 535.941228121  625.01999968 187.882942281 160.312195419 227.178344038 1120.02901748 1056.12120517             0 476.186938082 578.441008228 509.027504168 356.400056117 191.700286906 111.018016556 141.795627577 217.175044607 370.299878477 518.854507545 528.932887992 384.294158165 240.260275535 173.649071406 244.264201225  284.80344099 315.406087449 392.770925604 1176.09735992 1126.75862544  662.58961658 743.914645642 1303.73386855 1266.93961971 749.538524694 904.527500964 968.228278868 970.857868073 900.264960998 844.696395162 1025.48427584 958.921268927 906.953692313 889.143970345 969.306968922 1018.09675375 1081.02220144 1137.33812035  1077.7058968 1031.73882354  1094.2358064 1137.68053512 1194.32198339  1204.4251741 1702.42474136 1686.52334701  1463.5415949  1507.0082946  1573.4833968 1944.28933032 1935.46376871 1661.69341336 1692.30257342 1756.87022856 1794.60998548 1716.06555819 1755.12620629 1780.56872937 1817.28176131 1854.82559827 1818.87052865 1793.97129297 1803.06239493 1824.85287078 1849.33636746 1884.71032257  1834.0613403        1874.0 1875.05866575 1952.05763235 1979.49311694 2291.75936782 2289.12581568 2154.56097616 2186.94421511 2229.73720425 2260.71338298 2284.94945239 2564.06123172 2565.42004358 2379.62770197 2410.60677009 2454.99694501 2484.45446728 2728.05883368 2528.53178742 2560.51264398 100.264649802 671.668072786 1269.98937003
 763.466436721 742.699131547 511.938472866 765.124826417 694.818681384 672.027529198 655.470823149         307.0 316.865902236 602.961026933 591.981418627 292.499572649 654.159766418 587.307415243 476.186938082             0 102.313244499 60.0083327547 144.848196399 320.750681995 491.089604858 495.519928964 328.726329946 163.682619725 97.0154626851 128.265349959 183.934771047 339.265382849 502.063740973 448.175188961 496.452414638 525.784176255 378.450789403 715.237722719 673.893908564         409.0 429.293605822 891.241830257 869.433148666 812.941572316         716.0 731.149779457 779.369617062 790.441016142 849.565771439  842.34197331 852.596035646 907.681111404 951.002103047 966.408816185 914.866656951 905.318176113 968.297474953 977.230781341 1025.64370032 1085.30272275 1039.67158276 1031.27930261 1230.72417706 1387.55180083 1388.34037613        1330.0 1341.88226011 1526.30796368 1665.39514831 1671.93839599 1661.28293797 1695.36131842        1637.0 1648.15927628 1731.20333872 1722.05516753 1698.29473296 1693.17010368 1732.16627377 1737.17586905  1760.4115996 1814.84103987 1790.91987537 1768.08512239 1763.16335035 1844.71813565 1879.49195263  1864.6342805 1958.76313014 1930.58773434 2049.47334698 2060.20994076        2047.0 2057.52982967 2244.24820374 2274.27724783 2235.17337135 2342.82308338  2356.2635676 2389.78032463 2419.92499884        2354.0 2364.20134506 2517.30113415 2534.85798419 2566.07423899 410.644615209 637.435486932 1224.91183356
 845.993498793 827.000604595 576.753846975 686.046645644 616.730897556 763.186084779 748.316777842   331.1027031         308.0 701.434244958 691.648754788 388.854728658 555.208969668 487.444355799 578.441008228 102.313244499             0  91.065910197 240.634577731 420.634045222  591.86907336 595.133598447 425.775762579 251.181209488  116.10340219 141.449637681 263.856021345 433.373972453 600.166643525 540.437785504 585.874559953 613.176157397 449.814406172 620.755185238 583.318952204  413.76925937         409.0 814.353731495 798.204234516 864.265005655 715.309723127         716.0 774.935481185 806.310734147 888.212812337 837.639540614 866.747944907 943.417722963 997.375054831  999.54489644 927.526279951 900.384917688 963.163537516 988.582824047 1056.44734843 1114.00628364 1049.86903945 1025.96929779 1263.61782197 1335.79040272 1341.21773027 1325.92910821        1330.0 1539.17510375 1621.00740282 1631.51524663 1682.65653061 1717.11676947 1632.19024626        1637.0 1755.13788632 1735.83236518 1701.44673734 1686.80437514 1725.76359911 1740.07815916 1773.71502784 1837.30781308 1803.86085938 1770.79671335 1756.73247821 1866.69252958 1900.09105045 1881.98432512 1978.99494694  1939.0897349 2011.94060549 2025.92818234 2041.54965651        2047.0 2264.24247818 2293.90169798 2241.42543931  2308.9980511 2325.29266975 2408.06852062 2437.88535415 2348.21634438        2354.0 2485.26879834 2551.63966892 2582.55396846 512.219679435 678.616239122 1242.88575501
 818.849192465 797.386355539 571.552272325 776.600927118 707.085567665 723.083674273 705.309152074 362.794707789  363.46801785 646.839238142 633.846195855 341.140733422 641.753846891 573.024432289 509.027504168 60.0083327547  91.065910197             0         158.0         340.0         512.0 512.937618039 341.235988723 162.742127306          39.0          71.0 173.219513912 346.355308895 515.861415498 451.920346964   496.1390934 522.863270846 359.243649909 671.109529064 626.554067898 354.812626607  370.30797993  836.28045535 812.761342585 780.157035474 661.435559975 673.531736446         724.0 741.039809997 809.904315336         787.0 802.703556738 866.682179348 915.533724119 924.266736392 864.560003701         850.0         913.0 926.570558565 982.516157628 1041.31887527 988.706225327         976.0 1188.72242344 1327.70968212  1328.3470932 1275.22586235 1285.36881867 1476.56933464 1605.39216393 1612.02512387 1614.68325067 1648.92358828 1582.18203757 1591.91205787 1685.63934458 1672.71186999 1645.60262518        1638.0        1677.0 1684.42660867 1710.92080471 1768.72637793  1741.3170303  1715.2923949        1708.0 1798.42153012 1832.67700373 1816.60452493 1911.83367477 1879.57974026 1989.71957823 2000.68038427 1992.14457307 2001.52042208 2197.30494015  2227.2013829 2183.54780117 2283.35126514 2297.05572418 2342.23162817 2372.26178994 2299.12526844 2308.31821896 2458.00081367 2486.78788802 2517.90111005  435.17812445 598.652653882 1176.78375244
 715.017482304 690.333977144 511.753847079  908.08865206 837.602531037 602.456637444 581.003442331 386.005181312 426.287461697  508.43386984 491.797722646 227.149730354 795.841692801 727.986950432 356.400056117 144.848196399 240.634577731         158.0             0         182.0         354.0 355.354752325 185.153989965          39.0 162.742127306 173.219513912          71.0 194.427364329 359.562233834 303.400725114 352.388989612 382.562413209 253.527118865 819.697505181 770.829423414  378.51287957 432.134238403 959.625447766 928.541329182  701.23106035 674.445698333 709.406089627 741.039809997         724.0 752.463288141 802.703556738         787.0 813.261335611 843.308958805 874.371202637         850.0 864.560003701 926.570558565         913.0 935.731799182 997.296846481         976.0 988.706225327 1136.25921338 1408.66213124 1402.18187123  1282.0222307  1304.5248177 1454.46794396 1672.96144606 1673.38967369  1578.0627364 1611.51264345 1587.66495206 1607.41904928 1644.55221869 1647.96996332        1638.0 1645.60262518 1684.42660867        1677.0 1686.73945824 1729.61411881  1717.5636815        1708.0  1715.2923949 1759.96931791 1796.27865322 1785.46128493 1875.70786638 1862.26743514 2044.62710537 2050.44629288  1996.5019409 2013.87586509 2160.61403309 2191.01118208 2168.66341326 2331.35346955 2340.52835915  2307.8459654 2338.31777139 2302.90186504 2319.03967193 2502.65538978 2454.42824299 2485.94649983 277.848879789  541.85330118 1148.92993694
 624.238736382 595.806176537 499.151279674 1068.48912021  997.84267297 490.560903456  463.96228295 480.520551069 548.405871595 369.054196562 345.775939013 197.121789765 974.888711597  907.78686926 191.700286906 320.750681995 420.634045222         340.0         182.0             0         172.0 174.771279105 39.0128184063 186.131673823 342.229455191 347.334133076 195.358644549 71.0070419043 183.174779923 157.200508905 213.433830496 248.809163818 227.015417979 994.458646702 942.491379271 474.522918308 552.962928233 1112.62077996 1075.31437264  647.24415795 732.650667099 788.850429422 799.859987748 746.525284234 724.365239365 857.303330216 807.770388167 787.336014672 791.657754336 850.311119532 869.266357338 915.478017213 974.253047211 930.963479413 913.289658323 976.270966484 992.824254337 1033.52600354 1101.11806815 1517.02768597 1503.40480244 1313.57565446 1349.37504053 1450.08172184  1765.1753454 1759.07504104 1554.82539213 1586.93068532 1613.25137533 1644.02676377 1615.18420002 1638.00030525 1648.08009514  1672.9148215 1711.11922437 1686.84705886 1677.00029815 1701.71472345 1708.00029274 1717.66935118 1741.51198675 1732.55880131 1770.97289646 1766.50275969 1850.01297293 1858.84372662  2120.7413798 2120.95308765 2016.90852544 2043.21413464 2132.12312027 2162.92071052 2165.72412832 2398.38549862 2402.53720054 2281.19464316  2312.0177335 2320.61565107 2344.56243252 2565.21500074 2429.38551902   2461.224492 99.2975326985 529.966980103 1143.37220536
 579.366895844 548.613707448 545.893762558 1225.63493749 1155.21859403 431.223839786 400.705627612 607.608426538 688.567353278 285.490805456 254.686081284 296.150299679 1144.95414755 1078.38629442 111.018016556 491.089604858  591.86907336         512.0         354.0         172.0             0          31.0  177.34147851 356.141825682 513.483203231 516.899409944 361.049858053 187.002673778          63.0 148.189068423 179.270744964 207.330653788 316.834341573 1161.66260162 1107.75899906 602.876438418 692.202282574 1264.29308311 1222.75958389  641.10295585 821.623393046 891.998318384 886.746863541 805.910665024 739.173186743 938.889237344 862.951331188 800.980648955 779.616572425  862.96060165 920.769243622 992.292295647 1046.76310596 979.226735746 925.078375058  987.30795601 1038.21577719 1102.14336635 1095.00913238 1631.52842451 1612.16190254 1365.19925286 1412.15756911  1466.8282108 1864.49886028  1852.8855874 1552.27896977 1582.69801289 1655.55670395 1695.93631956        1606.0 1647.11050024 1675.81621904 1716.15500465 1753.41752016 1713.95595043 1685.89975977        1693.0 1716.73905996 1744.29928625 1783.08945373        1724.0 1764.06377436 1765.72364769        1842.0 1871.93696475 2204.09981625 2199.38218598 2050.90419084 2085.20982158 2119.25765305 2150.23952154 2176.97243896 2472.40065523 2472.04874547 2269.17451951 2300.15869018 2350.22232991 2381.24946194 2634.54739946 2418.10214838 2450.08775353 84.3089556334 574.206408881 1164.53767651
 610.145064718 579.366895844 574.206408881 1237.72856475 1167.19192938 461.806236424 431.223839786 626.572421991 705.050352812 315.559820002 284.524164176 316.834341573 1149.64211823 1082.44630352 141.795627577 495.519928964 595.133598447 512.937618039 355.354752325 174.771279105          31.0             0 173.184872319 354.090383942 512.062496186 513.560123063 356.252719288 177.564072943          32.0   122.9186723 149.576067604 176.739921919 296.150299679  1155.3341508 1100.24769938 585.211927425 676.506467079  1250.8956791 1208.10678336 610.260600072 796.896480103 868.990218587 861.622307046 778.180570305  708.83707578 913.060786585 834.776616826 770.543314811 748.642104079 832.443391469 892.231472209 965.870074078 1019.83724192  950.38939388 894.497065395 956.674448284 1009.12883221 1074.78788605 1064.03853314  1609.3849757 1589.12460179 1336.29338096 1384.05346718 1436.21307611 1839.98831518 1827.67666725 1521.30503187 1551.71195781  1625.9597166 1666.90761592        1575.0  1616.2852471 1645.52879039 1686.59212615 1723.79233088 1683.63654035 1655.06646392        1662.0 1685.89975977 1713.95595043 1753.41752016        1693.0 1733.06491511 1734.75444948        1811.0 1841.17163784 2177.57594586 2172.35839585 2020.80800671 2055.49531744 2088.27632271 2119.25765305 2146.14538184 2444.89508977 2444.14606765 2238.19078722 2269.17451951 2319.90689468   2351.228615 2606.60027622 2387.11646134 2419.10169278 100.264649802 545.893762558 1134.15386963
 660.705683342 632.000791139 537.819672381 1085.14376928 1014.48903395 525.178065041 498.001004015  509.92744582 573.694169397 399.676118876 374.973332385 234.539975271 980.984199669 913.032858116 217.175044607 328.726329946 425.775762579 341.235988723 185.153989965 39.0128184063  177.34147851 173.184872319             0         181.0         339.0 340.506974965 183.806963959          32.0 174.656806337 128.817700647 183.934771047 218.449078735 189.171879517 984.322101753 930.558971801 445.477272148  527.46374283 1092.66692089 1053.56774818  609.01642014 697.215174821 755.505790845 764.294445878 708.509703533 685.420309008 821.233827847 769.587551874 748.384927694 753.501161247 811.355039425 830.952465548 879.000568828 937.441731523 892.545236949 874.329457356 937.307313532 954.321748678 996.438658423 1062.49752941 1486.43096039 1471.72008208 1275.50813404 1312.03086854  1411.0722873 1732.05138492 1725.14724009 1515.99604221 1548.13597594 1574.82506965 1606.07907651 1576.52085302        1599.0 1609.21160821 1634.54030235 1672.71186999 1647.96996332        1638.0 1663.02285011        1669.0  1678.7858708 1703.08015079  1693.8577272 1732.22082888 1727.61396151 1811.28076233 1819.83131086   2085.598715 2085.26449162 1978.24012698 2004.84662755 2093.50352281 2124.29188202 2126.71131092 2362.30501841 2366.03571402 2242.53361179  2273.3490713 2281.84683973 2306.01669552 2528.72339334 2390.69027689 2422.52265211 118.600168634 491.089604858 1104.37040888
  746.74024935 721.466561942 549.637153038 928.663555869  858.41307073 630.575134302  608.12663155 422.796641425 459.273339091 530.616622431 512.267508242 260.499520153 804.493008049 735.740443363 370.299878477 163.682619725 251.181209488 162.742127306          39.0 186.131673823 356.141825682 354.090383942         181.0             0         158.0 161.207940251          32.0 183.806963959 354.812626607 289.387283757 334.970147924 363.159744465 220.537978589  808.55983081 757.380353587 342.317104451 400.031248779 937.443331621 904.262130137 665.944442127 636.270382778 672.752554807 702.985775105         685.0 715.017482304 764.505068656         748.0 775.583006518 807.421203586 836.508218728         811.0   826.2475416 888.166651029         874.0 897.719889498 959.163176941         937.0 950.227867409 1098.76021042 1376.35605858  1368.8115283 1243.24253466 1266.18797972  1415.6185927 1638.56064886  1638.2362467 1539.74835606 1573.24441839 1548.80760587 1568.85212815 1606.48840643 1609.21160821        1599.0 1606.78716699 1645.60262518        1638.0 1647.96996332 1691.45854221  1678.7858708        1669.0 1676.46204848 1721.78424897 1757.99488054 1746.94046836 1837.42346779 1823.35871402 2008.63162377 2013.95456751 1957.59163259 1975.14986773 2122.39722955 2152.77239856 2129.73049938 2294.63809783 2303.43439238 2269.53078851 2299.98456517 2263.96908106 2280.24560081 2465.62791191  2416.0324915 2447.53529086 284.985964567 504.003968238 1110.17340988
 846.690616459 824.486506864 605.707024889 800.562302385  731.61806976 746.673288661 727.814536816 401.717562474 401.646610841 664.417037711 649.856907327 364.197748483 652.451530767 582.843032042 518.854507545 97.0154626851  116.10340219          39.0 162.742127306 342.229455191 513.483203231 512.062496186         339.0         158.0             0          32.0 161.207940251 340.506974965 512.562191349 442.634160453 483.922514459 508.838874301 336.774405203 657.459504456 609.931963419 315.912962697 332.284516642 810.730534765 784.908911913 748.600026717 622.462850297 634.810207857         685.0 702.985775105 775.238027963         748.0 764.505068656 831.428289151 882.587672699 888.532497999   826.2475416         811.0         874.0 888.166651029 946.385228118 1004.85720379 950.227867409         937.0 1152.93104737 1293.38316055 1293.07269711 1236.23298775 1246.44293893 1438.31707214 1569.51107037 1575.50309425 1577.25869787 1611.54398016  1543.1866381 1552.96007676 1648.52449178 1634.54030235 1606.78716699        1599.0        1638.0 1645.60262518 1672.71186999 1731.43293257 1703.08015079 1676.46204848        1669.0 1761.07041313 1795.16962987 1778.75827475 1874.28733123 1841.03693608 1952.71221638 1963.26386408 1953.14745987 1962.55063629 2159.73748405 2189.59471136 2144.88507851 2245.85128626 2259.24810501 2304.48822952  2334.4860248 2260.12743004 2269.34087347 2420.29027185 2448.89954878 2479.98487899  439.76925768  564.62376854 1138.97541677
 870.175269701 847.416072541 634.149036111 821.084648499 752.659949778 766.968708619 747.295122425 433.664616956 433.081978383 680.172037061 664.417037711 385.040257635 662.815962391 592.697224559 528.932887992 128.265349959 141.449637681          71.0 173.219513912 347.334133076 516.899409944 513.560123063 340.506974965 161.207940251          32.0             0         158.0         339.0 512.062496186 437.471141905 476.055669014 499.316532873 320.713267577 647.800123495 597.850315715 284.015844628 301.272302079 790.587123599 762.785684187  723.24961113 590.487933831 603.065502247         653.0 671.842987609  747.11311058         716.0 733.225749684 802.760861029 855.935161096 859.424225863 794.861623177         779.0         842.0 856.695978746 916.914936076 975.086662815 918.688739454         905.0 1123.72327554 1265.42008835 1264.29308311  1204.2391789 1214.50730751 1406.96126457 1540.18343063 1545.62673372 1546.60951762  1580.9320036 1511.19059023 1521.00131492 1618.13750961 1603.24982458 1574.94539588        1567.0        1606.0 1613.75338884 1641.38874128 1700.89035508 1671.73263413 1644.60724795        1637.0 1730.47767972 1764.44268822 1747.74283005 1843.52515578 1809.42670479 1922.40604452 1932.60989338 1921.14991607 1930.57633882 2128.95138507 2158.77488405 2113.17107684  2215.1207642 2228.25716649  2273.5509671 2303.52100056 2228.12926016 2237.36005149 2389.37920808 2417.83808391 2448.89954878 446.054929353 537.207594883  1108.0148916
 773.266448257   747.5627064 580.831300809 946.412172365 876.415997116 654.480710182 631.311333654 453.260410802 487.003080072 550.216321096 530.616622431 288.922134839 812.921275401 743.571112941 384.294158165 183.934771047 263.856021345 173.219513912          71.0 195.358644549 361.049858053 356.252719288 183.806963959          32.0 161.207940251         158.0             0         181.0 354.090383942 281.426722256 323.501159194 349.692722258  195.13328778 800.725296216 747.685094141 313.121382215 374.669187417 920.078257541 885.127109516 637.314678946 605.025619292 642.884126418 671.842987609         653.0 684.422384204 733.225749684         716.0 744.769091732  778.19856078  805.52219088         779.0 794.861623177 856.695978746         842.0 866.596215085 927.927798915         905.0 918.688739454 1068.07209494  1350.1125879  1341.6575569 1211.43386117 1234.76313518 1383.74853207 1610.49091894 1609.52477458  1508.3371639 1541.87223855 1516.93012364 1537.22379633 1575.29076681 1577.41877762        1567.0 1574.94539588 1613.75338884        1606.0 1616.16737995 1660.18071306 1646.97601683        1637.0 1644.60724795 1690.48070087 1726.60649831 1715.34981855 1806.03349914 1791.43657437  1979.1819017  1984.0839196 1925.66793607  1943.3828753 2091.06145295 2121.41768636 2097.78740582  2264.5697163 2273.04597402 2238.11036368 2268.54865498 2232.02598551 2248.41988961 2435.29238491 2384.54293314  2416.0324915 294.592939494 473.087729708 1078.38629442
