             0         312.0         750.0        1062.0  2062.9466789  1481.4347775  1000.0244997 252.634122794  5440.5835165 5736.21382098 6328.70832003 6625.46217256 6922.49586493 6464.45272239 6563.04228236   5497.740354 5613.33448139 4456.04353659 4278.26179657 3929.11236795 3758.34059127 2562.99609832 2728.36013019 2329.28079029 2133.20158447 2317.46607311 1300.01884602 1600.01531243 1900.01289469 2191.95095748 1937.69166794 1698.42544729 2728.48840936 2456.55225876 2200.01113634 2400.01020831 2747.82623177 2534.86666316 2905.84738071 3093.37178496 4163.70616158 4281.18546667  4440.8725494 4603.71035144 4769.37616466 5890.66626113 6164.75052212 6441.14500691 6719.56464364 6999.76778186 7281.54853036  5892.8133349 5996.87201798 5085.39565816 3481.77382953 3821.50807928 4194.96710357 4048.11672263 3146.59323714  3892.4348421 3524.87219626  4033.0570291 5532.14461127 5670.78125129  5255.2758253 4998.04451761 5963.50769263 5810.29844328 5950.63425191 6091.73210179 6233.54024612 6376.01129234 6519.10177862 6662.77179558 6806.98464814 6951.70655307 7096.90636827 7242.55535015 7388.62693604 7535.09654882 6796.79696622 6849.02358004 6219.53969358 6819.70116647 7426.89363058 7626.73908037 7683.41551655 8255.23312814 8924.39768276 8200.40998975 8469.26643813 7681.94142128 7829.14043813 7976.67399359 8124.52386297 8272.67308674 8421.10586562 8569.80746575 8718.76413261   8867.963013 9211.98941597 9520.90589177  9659.8627837 10439.2743522 11297.8415638 11206.2828806 11116.1594087 11027.5063364 10940.3594091 10854.7549028 10770.7295946 10688.3207287 10607.5659791 10528.5034074 9160.23274813 9177.85900959  9198.0976294 9220.93140632 9246.34111419 9274.30558047 9304.80177113 9337.80488123 9373.28843043 9411.22436243
         312.0             0         438.0         750.0 1794.06270793  1268.8423858 1049.64803625  553.11481629 5748.04845143 6044.12615686 6637.33839728 6934.38252478 7231.67069217 6768.04705953 6862.27629872 5798.14289234 5907.86221911 4736.92262972 4556.40603985  4200.6708988 4025.92051586 2811.23833924 2962.77926954 2526.90739838 2347.39451307 2472.23805488 1338.56677084  1631.4904229 1926.59310702 2054.25436594 1780.43842915 1516.56223084  2619.1527256 2334.51515309 2223.00719747 2421.10739126 2917.23516364 2717.58366937 3126.98912694 3301.97834639 4410.27901612 4531.69515744 4696.15385182   4863.276776 5032.79852567 6175.76400132 6452.24464818 6730.74000389  7011.0099843  7292.8499916 7576.08480681 6156.31066468 6257.23469274 5330.30590117 3599.67512423 3925.25616998 4293.32749741 4093.18470143 3125.50171972 3875.40462404 3501.60477496  3957.9364573  5394.3985763 5536.48552784 5167.74960694 4920.21960892 5926.14005909 5679.30277411 5822.79657896  5966.9181325 6111.62302502 6256.87078339 6402.62446189 6548.85028077 6695.51730638 6842.59716774 6990.06380515 7137.89324661   7286.063409 7434.55392071  6751.3377193 6818.80018772 6190.02310173 6803.11957855  7570.9749042 7791.17840894 7852.62924122 8449.95775137 9113.38499132 8350.76259991 8574.08805646 7583.34596336 7732.42213023  7881.7662995  8031.3635206 8181.19991199 8331.26256938  8481.5394829 8632.01946244  8782.6920702 9303.42200483  9657.1714803 9820.44097788 10628.4787717 11485.1267298 11390.8008498 11297.8415638 11206.2828806 11116.1594087 11027.5063364 10940.3594091 10854.7549028 10770.7295946 10688.3207287  9132.8755603 9145.23394999 9160.23274813 9177.85900959  9198.0976294 9220.93140632 9246.34111419 9274.30558047 9304.80177113 9337.80488123
         750.0         438.0             0         312.0 1446.11514064 1057.18919783 1254.21250193 987.078517647 6180.44893191 6477.04786149 7071.10663192 7368.49706521 7666.09085519 7195.46030494 7284.16254624 6221.78824776 6324.16192076 5137.29734393 4953.68791912 4590.57991979 4411.41972612 3178.74959693 3313.52516212 2839.19865455 2680.68069714 2735.16891617 1504.34337835  1770.0420899 2045.25035142 1930.71204482 1636.35234592 1344.48837853 2523.42009979 2226.57786749 2326.59601134 2516.55498648 3191.55902342 3010.15763707  3461.1340627 3620.00676795 4769.37616466 4895.30887687 5065.25902595 5237.33224075 5411.32599277 6580.11770411  6859.4569027 7140.47260341 7422.97440384 7706.79888151 7991.80511524 6533.43317101 6630.26952695 5685.22198335 3802.40042605 4106.63170981 4464.66672888 4194.96710357 3148.26126616 3893.78337867 3515.71102339  3892.4348421 5226.38727995 5372.91913209 5074.78314808 4842.87610826 5901.17988202 5519.96992745 5667.49927217 5815.47074621 5963.85144013 6112.61155317 6261.72404374 6411.16432483 6560.90999786 6710.94061962 6861.23749771 7011.78351063 7162.56294911 7313.56137596 6711.51614764  6800.3399915 6175.00396761 6803.95649604 7789.84909995   8036.799674 8104.49714665 8734.80818335 9389.77497068 8576.55082186 8737.93305078 7464.76550201 7616.16307599 7767.74278668 7919.49417577 8071.40756002 8223.47396178 8375.68504661 8528.03306748 8680.51081446 9447.68484868  9861.9546237 10057.8799456 10903.6209123 11756.9861784 11658.9997856 11562.2878359 11466.8825755 11372.8168894 11280.1242901 11188.8389031   11098.99545 11010.6292282  10923.776087  9112.3742241 9117.26910868 9124.82876552 9135.04657897 9147.91364192 9163.41879431 9181.54867111 9202.28775903 9225.61846165 9251.52117222
        1062.0         750.0         312.0             0 1233.75889055 1000.48038462 1463.81727002 1297.85823571  6488.9183228 6785.82795243 7380.39707604 7677.99850221 7975.77964841 7500.66403727    7585.79831 6524.71922768 6622.41164531 5426.04238833 5240.64270868 4873.30852707 4691.64534039 3450.58850053 3575.13090669 3080.38325538 2934.92095294 2947.95878533 1683.08080614 1924.25596011 2180.08279659 1900.25287791 1600.30028432 1300.36956286 2500.19219261 2200.21839825 2445.96831541 2627.31060212 3407.89685877 3238.63566954 3712.35248865 3860.90157865 5032.79852567 5161.37200752 5334.54412298 5509.53364633  5686.1727902  6870.6667071 7151.74531146 7434.30299356 7718.17731074 8003.22816119 8289.33417109 6806.51606918  6900.6511287 5944.80117414  3970.0328714 4258.65424753 4608.27093388 4293.32749741  3201.1343302 3936.65606829 3558.75483842 3875.40462404 5126.21068627 5275.52575579 5030.81862126 4811.39906888 5903.18862988 5425.21704635 5575.25425429 5725.61018582 5876.26037544 6027.18275814 6178.35738688 6329.76618841 6481.39275156 6633.22214312 6785.24074739 6937.43612583 7089.79689413 7242.31261408 6700.48960898 6804.37623886 6183.23426695 6821.72529497 7956.79967072 8221.52425041 8293.35794477 8945.26612237  9593.9973942 8747.21304188 8866.00169186  7394.9736984 7547.77132669 7700.69737102 7853.74432994 8006.90526983 8160.17377266 8313.54388934 8467.01009802 8620.56726672 9561.36292586 10016.9586702 10235.0896918 11105.9921214 11956.6565561 11856.2154164 11756.9861784 11658.9997856 11562.2878359 11466.8825755 11372.8168894 11280.1242901 11188.8389031   11098.99545 9110.59361403 9110.14840713  9112.3742241 9117.26910868 9124.82876552 9135.04657897 9147.91364192 9163.41879431 9181.54867111 9202.28775903
  2062.9466789 1794.06270793 1446.11514064 1233.75889055             0 725.430906427 1825.17122484 2228.92911507 7175.04355387  7475.0418059  8075.0386996 8375.03731335 8675.03602298 8118.65136584 8152.64527623 7121.27095398 7160.00174581 5889.87478644 5693.03302291 5300.05896194 5103.98128915 3855.19130524 3905.12483795 3324.15402772 3265.34837345 3054.91407408 1853.71249119 1929.05417239 2046.03274656 1175.26592735 957.209485954 794.512429104 1688.56447908 1423.46408455 2198.01046403  2315.4373237 3492.84983931 3400.36762718 3970.20150622 4049.69134626 5312.72058366  5455.5018101 5646.45906742 5838.02192528 6030.13266852 7325.04266199 7619.13709025 7913.67487328 8208.60828643 8503.89616588 8799.50282686 7115.12473538 7187.53260862 6174.54451761 3780.21163429 3982.22613622 4278.14212013 3790.11873165 2593.26049598 3242.29856737 2887.14824697 2983.28677804 3996.01363862 4149.34464705 4029.96588075 3848.53868371 5015.78757525 4302.86753224  4456.5624645 4610.41223753 4764.40185123 4918.51817116 5072.74964886 5227.08609074 5381.51846601 5536.03874625 5690.63977071 5845.31513265 6000.05908304 6154.86644859 5764.65523687 5910.21361712 5309.95527288 5968.30168473 7646.64959312 7991.01057439 8081.96294226 8835.61684321  9444.8729478 8443.82170584 8377.23850681 6309.73256169 6464.65320029 6619.62453618 6774.64309023 6929.70569361 7084.80945404 7239.95172636 7395.13008675 7550.34231012 9008.67637336 9630.42055156 9947.17296522 10934.4638643 11765.5524732 11653.3497759 11542.1648316 11432.0273355  11322.967853 11215.0178332 11108.2096217  11002.576471 10898.1525499 10794.9729504 8180.33159475 8165.40513386 8153.43663739 8144.43914582 8138.42251299 8135.39335251 8135.35500147 8138.30750218 8144.24760184 8153.16877048
  1481.4347775  1268.8423858 1057.18919783 1000.48038462 725.430906427             0        1100.0 1601.75684796 6450.19379554 6750.18518264 7350.17006606 7650.16339695 7950.15723115 7393.66282704 7429.71230937 6396.58111807  6438.2159796 5172.58397709 4976.50730935 4585.37075927 4390.40146228 3137.87348375 3197.06897017 2625.11904492 2552.69465467 2381.43864082  1140.1754251 1252.99640861 1421.26704036         900.0         600.0         300.0        1500.0        1200.0 1627.88205961 1780.44938148 2831.29828877 2718.68534406 3274.33199294 3368.41951069 4620.20021211 4760.90852674 4949.36864661 5138.70119777 5328.81318869 6610.97572224 6903.98435688 7197.56903406 7491.66203189  7786.2057512 8081.15090813 6422.71360096 6499.47113233 5495.56639483  3217.3358544  3460.2203687 3785.00330251 3387.66143527 2245.27281193 2965.00421585 2589.52215669  2875.1086936 4169.60729566 4315.87314457 4034.30601219 3811.82371051 4905.16309617 4462.79833737 4610.31983706 4758.38218305 4906.93641695 5055.93918081 5205.35195736 5355.14042766 5505.27392597 5655.72497563 5806.46889254 5957.48344521 6108.74856251 6260.24608143 5700.21929403 5806.51573665 5186.82224488 5828.43246508 7161.18007035 7470.10709428 7553.02091881 8267.29248303 8893.29101064 7957.26868969 7986.90334235 6411.95952888 6563.87393237 6715.97565511 6868.25225221 7020.69234478 7173.28550944 7326.02218124  7478.8935679 7631.89157418 8657.07802899 9187.28741251 9456.47926027 10394.5298114   11234.88874 11127.5002134 11021.2734745 10916.2424396 10812.4419536 10709.9077961 10608.6766847 10508.7862763 10410.2751645 10313.1828744   8111.123535 8110.02718861 8111.93127436 8116.83368069  8124.7289801 8135.60845911 8149.46016617 8166.26897671 8186.01667479 8208.68205012
  1000.0244997 1049.64803625 1254.21250193 1463.81727002 1825.17122484        1100.0             0 927.698765764 5350.23363976 5650.22123461  6250.1999968 6550.19083691 6850.18247932 6296.92385217 6339.21327926 5301.06121451 5351.22649493 4098.85654787 3905.20486018 3520.03196008 3328.75727562 2071.53324859 2160.15045772  1629.8006013  1510.3807467 1485.34507775         300.0         600.0         900.0 1421.26704036 1252.99640861  1140.1754251 1860.10752377 1627.88205961        1200.0        1400.0 1944.54364826 1776.58380044 2272.93862654 2406.50161022 3611.26709065 3745.83101594 3926.98994142 4109.89659237 4294.32765401 5543.01362077 5833.09523324 6124.13259164 6415.99563591 6708.57660014 7001.78548657  5404.2807107   5490.275494 4511.79011037 2560.51752581 2878.91038416 3245.18874644 3054.70947882  2157.8345627 2899.35337619  2535.8677016 3087.27225881 4673.39544657 4804.34813476 4317.47900979 4049.69134626 4977.51192866 4936.75693143  5070.5077655 5205.49719047 5341.63130514 5478.82478274        5617.0 5756.08625717  5896.0190807 6036.73960015 6178.19399177 6320.33298173 6463.11140241  6606.4877961 5814.85167481 5858.38074898 5229.06540407 5823.71230402 6543.12616415 6783.25143276 6850.41057164 7485.19371827 8137.60560607 7327.55927987 7525.99661175 6750.42406075  6894.8851332 7039.83870554 7185.25497112 7331.10639672 7477.36751805 7624.01475602  7771.0262514 7918.38171598 8253.78700961 8622.13720605 8805.96388818 9650.97145369 10503.7005384 10405.2612173 10308.2427697 10212.6856899 10118.6313798 10026.1221317 9935.20110516 9845.91229902 9758.30051802 9672.41133327 8167.21035605 8187.10821963 8209.92259403 8235.62924129 8264.20117132 8295.60877814 8329.81998605 8366.80040398 8406.51348658  8448.9207003
 252.634122794  553.11481629 987.078517647 1297.85823571 2228.92911507 1601.75684796 927.698765764             0 5195.00962463 5491.18611959 6084.66309667 6381.85905517 6679.30572739 6215.55508382 6312.09157095 5247.20163516 5361.20322316 4203.86726717 4026.47488506 3678.65464538  3508.9172119 2321.23350829 2492.61408967 2114.97635921 1910.00654449 2130.87423374 1220.91154471 1516.78113121 1814.00799337 2235.08948367 2001.40575596 1787.63111407 2741.46402493 2483.06765917 2112.01917605 2310.97922968 2549.14201252 2328.76039987 2676.40150202  2870.2134067 3921.17648162  4037.0936328 4195.01191893 4356.38898631 4520.85445464 5638.09586651 5912.11679519 6188.54789106 6467.08009847 6747.45322325 7029.44699105 5644.07875565  5749.0216559 4843.10076294 3314.07981195 3662.30801545 4038.33195763  3930.0922381 3083.93012242 3822.38472684 3461.57478613 4009.13020492 5556.97759578 5692.26984603 5237.60441423 4972.98954352 5903.38885726 5828.59708678 5965.88836637 6104.07863645 6243.10820025 6382.92221479 6523.47024213 6664.70584497 6806.58622218 6949.07188047 7092.12633841 7235.71585954 7379.80921163 7524.37744933 6741.70786967 6781.77705325  6152.7432906 6741.84692796 7235.89144474 7423.48469386 7477.38256344 8035.00155569 8706.96560232 8005.15458939 8302.48456789 7669.39371789 7814.83307563 7960.67233342 8106.88990921  8253.4656963 8400.38094374 8547.61814776 8695.16095308  8842.9940631 9053.62496462 9333.57514568 9457.96621901 10221.3318604 11080.7310228 10990.6567593  10902.070629 10815.0092002  10729.509588 10645.6094236 10563.3468181 10482.7603235 10403.8888883 10326.7718092 9088.24515514 9109.98441272 9134.33653858  9161.2806965 9190.79408974 9222.85205346 9257.42815257 9294.49428425 9334.02078421 9375.97653581
  5440.5835165 5748.04845143 6180.44893191  6488.9183228 7175.04355387 6450.19379554 5350.23363976 5195.00962463             0         300.0         900.0        1200.0        1500.0 1089.15104554 1325.94306062 579.870675237 952.955927627 1730.06502768 1892.91441962 2236.76663959 2415.18632822 3441.83817168 3499.46424471 4081.20692933 4031.90401671 4468.92045129  5361.4363747 5389.34133267 5433.69119476 6519.58587642 6482.66920335 6459.48914389 6633.62645919 6570.00761035 5494.08773137 5543.01362077 4222.70647808 4145.02714105 3573.68857065 3663.50242255 2705.78084848 2589.64283252 2440.54297237 2299.18463808 2167.08329328        1500.0 1529.70585408 1615.54944214 1749.28556845 1920.93727123 2121.32034356 2314.35736221 2457.76829665 2684.44593911 4778.72891049 5014.04278003 5185.19527115 5806.13899248 6124.23464606 6428.93848158 6312.93315346  7105.0158339 8854.83624919 8925.51740797 8065.55174802 7770.77859677 7953.18332493 8998.34812618 9073.27664077 9150.25141731 9229.22125642 9310.13539107 9392.94357483 9477.59616147 9564.04417597 9652.23937747 9742.13431441 9833.68237234 9926.83781473 10021.5558173 8678.27747885  8506.0640134 8031.85065847 8290.84585552  6057.4334499 5784.67803771 5724.56330212 5583.06591399 6225.20079997 6481.94608123 7555.00661813 10117.7924964 10215.5049312 10314.6511817 10415.1903007 10517.0823426 10620.2883671 10724.7704404 10830.4916324 10937.4160111 8381.52730712 7788.53323804 7416.87265632 7476.37947138 8266.87516538 8243.31007545 8222.63759386 8204.87958473 8190.05500592 8178.17980971 8169.26685817 8163.32585409 8160.36328848 8160.38240526 10318.1793452 10414.3862517 10512.0278253 10611.0644612 10711.4574639 10813.1690544 10916.1623751   11020.40149 11125.8513832 11232.4779546
 5736.21382098 6044.12615686 6477.04786149 6785.82795243  7475.0418059 6750.18518264 5650.22123461 5491.18611959         300.0             0         600.0         900.0        1200.0 849.264387573 1137.15654155 686.476510887 1021.33491079 1976.89782235 2148.98231728 2505.61868607 2688.51724934 3736.47561212  3789.6239919  4373.9284402 4327.96141388 4759.85819116 5660.83032779 5687.26647872 5729.31060425 6816.52404089 6781.22407829 6759.06798309 6925.67686223 6864.76510887 5786.62250367 5833.09523324 4506.24566574 4433.53696274 3858.27033786 3941.60500304 2947.24447578  2825.1106173 2666.69270821 2514.20961735 2368.80771697 1529.70585408        1500.0 1529.70585408 1615.54944214 1749.28556845 1920.93727123  2387.7290466  2524.0097068 2855.03940428  5042.9406104 5269.30972709 5429.66389383 6062.69329589 6405.56398766  6697.4808697 6588.48427182 7379.44781132 9124.31504279 9192.92450747 8326.35124169 8032.74548333 8190.12362544 9263.65311311 9336.45269896 9411.27520584 9488.07277586 9566.79784463 9647.40322574 9729.84218783 9814.06852432 9900.03661609 9987.70148733 10077.0188548  10167.945171 10260.4376612 8905.19511297 8726.28930302 8261.99885016  8506.0640134 6165.42780349 5867.06911498 5800.05387906  5607.1940398 6234.83159356 6559.01097727 7665.38485661 10354.4543555 10449.9541147 10546.8966526 10645.2425524 10744.9532805 10845.9911949 10948.3195514 11051.9025059  11156.705114 8486.45980371 7845.14180879 7443.11762637 7447.23102905 8224.12457347 8206.14166341  8191.0908309 8178.98826262 8169.84706099 8163.67717392 8160.48534096 8160.27505664 8163.04655138 8168.79679023  10504.466907 10603.3976159 10703.6876356 10805.2991166 10908.1951303 11012.3396697 11117.6976483  11224.234896 11331.9181518 11440.7150563
 6328.70832003 6637.33839728 7071.10663192 7380.39707604  8075.0386996 7350.17006606  6250.1999968 6084.66309667         900.0         600.0             0         300.0         600.0 575.543221661 950.328890437 1131.92314227 1361.29533901 2505.61868607 2688.51724934 3060.73928978 3249.32685337 4327.96141388  4373.9284402 4961.98045139 4921.50891496  5344.7404053 6259.79232882 6283.70909575 6321.78772184 7411.14026314 7378.68551979 7358.32861457 7511.65760668 7455.53485674 6373.77439199 6415.99563591   5079.000886 5014.60367327 4433.53696274 4506.24566574  3457.7810804 3327.34879446 3156.14480023 2988.51970045  2825.1106173 1749.28556845 1615.54944214 1529.70585408        1500.0 1529.70585408 1615.54944214 2632.72672338 2751.47687615 3252.88333636  5582.2262584 5792.72172644 5933.90680749 6586.82396911 6972.89394728 7241.97832087 7145.49683367 7933.86727895 9668.66717806 9733.44034759 8855.40089437 8564.16954526 8675.72043118 9800.26882284 9869.11085154  9939.9245973 10012.6682258 10087.2999856 10163.7782837 10242.0617553  10322.109329 10403.8802857 10487.3343134 10572.4315557  10659.132657 10747.3988016 9371.36596233 9180.31181388 8735.02289636 8951.15216048 6418.13835937 6073.09640958 5993.38176658 5702.68577076 6297.07273263 6750.60182502 7915.68853607 10837.1917488 10928.4738642 11021.2081461 11115.3582488 11210.8885018 11307.7639257 11405.9502454 11505.4138996 11606.1220483 8723.53139503 7991.01057439 7531.26815351 7425.04208742 8171.06021273 8164.43268084 8160.78237671 8160.11329578 8162.42617118 8167.71846968 8175.98440556 8187.21497214 8201.39799059 8218.51817544 10892.2828186 10996.2375838 11101.4111265 11207.7691357 11315.2782113 11423.9058557 11533.6204637 11644.3913108 11756.1885405 11868.9831494
 6625.46217256 6934.38252478 7368.49706521 7677.99850221 8375.03731335 7650.16339695 6550.19083691 6381.85905517        1200.0         900.0         300.0             0         300.0 637.377439199 989.002022243 1398.66007307 1590.00786162 2780.84969029 2967.00606673 3344.11797041 3534.56150038 4624.52700284 4667.57431649 5257.01911733 5218.83607713 5638.37299227 6559.34447944 6582.17289351 6618.53458101 7708.76124938 7677.56471806 7658.00235048 7805.44681617 7751.45147698 6668.20815512 6708.57660014 5367.61120052 5306.71744113 4723.47859104 4791.78985349  3723.0699698 3589.74233059 3414.12507094 3241.33460167 3071.84797801 1920.93727123 1749.28556845 1615.54944214 1529.70585408        1500.0 1529.70585408 2795.75571179 2905.27537421 3473.65081722 5856.30002647 6059.75453298 6192.43490075 6853.55747039 7258.52946539 7517.39649081 7426.51499696 8213.47977413  9943.2451946 10006.2411024 9123.21900428 8833.17609923 8923.73940677 10071.2595538  10138.261636 10207.2082863 10278.0603715  10350.778763 10425.3244074 10501.6583928 10579.7420101 10659.5368098 10741.0046551 10824.1077692 10908.8087801 10995.0707592 9610.02081163 9413.45446688 8977.22813568 9180.31181388 6561.44039065 6195.36116784 6109.87929504 5773.26813858 6349.26176811 6864.08224018 8054.69583535 11082.8572579  11172.132339 11262.8606047 11355.0072215 11448.5379416 11543.4191209 11639.6177343 11737.1013883 11835.8383311 8854.94212291  8079.6813056 7592.75970909 7432.10939101 8160.95735806 8160.05888459 8162.14242708  8167.2057033 8175.24317681 8186.24608719  8200.2024975 8217.09735856 8236.91258907 8259.62717076 11093.2783703  11199.546464 11306.9681613 11415.5108953 11525.1429926 11635.8336616 11747.5529792 11860.2718772 11973.9621262 12088.5963205
 6922.49586493 7231.67069217 7666.09085519 7975.77964841 8675.03602298 7950.15723115 6850.18247932 6679.30572739        1500.0        1200.0         600.0         300.0             0 813.172798365 1110.46161573 1676.67826371 1839.32732269 3060.73928978 3249.32685337 3630.16872886 3822.05769187 4921.50891496 4961.98045139   5552.589486 5516.45266453 5932.64275007 6858.93577751 6880.77030571 6915.56216081 8006.55981056 7976.52806677 7957.70067293 8099.69135214 8047.67047039 6963.11711807 7001.78548657 5657.40664969 5599.66516856 5014.60367327   5079.000886  3993.2755978  3857.6223247 3678.48474239 3501.60677404 3327.34879446 2121.32034356 1920.93727123 1749.28556845 1615.54944214 1529.70585408        1500.0 2980.14261404 3080.68580027 3705.57013157 6132.80115445 6329.74130593 6454.55265685  7122.9382982 7545.27998155 7794.62956144 7708.96393817 8494.48350402 10219.2526635 10280.5574265  9392.9827531 9104.11994649 9174.86375921 10343.8517487 10409.0993366 10476.2636947 10545.3081984 10616.1961644 10688.8909153 10763.3558429  10839.554465 10917.4504808 10997.0078203 11078.1906916 11160.9636233 11245.2915036 9852.03024762 9650.29144638  9222.8317235 9413.45446688 6715.09493604 6329.49445059 6238.63967544 5858.38074898 6415.07014771 6988.60679964 8202.32436569 11331.1396161 11418.4736721 11507.2598389 11597.4647661 11689.0556077 11782.0000424 11876.2662904 11971.8231277 12068.6398985 8994.44272871 8178.40143304 7665.50715869   7451.258283 8161.87631614  8166.7105373 8174.51949658  8185.2946801 8199.02439318 8215.69382341 8235.28511953  8257.7774855 8283.14728832 8311.36817859 11298.6647441 11407.1223803 11516.6717849 11627.2820986 11738.9233322 11851.5663522 11965.1828653 12079.7454029 12195.2273042 12311.6026983
 6464.45272239 6768.04705953 7195.46030494 7500.66403727 8118.65136584 7393.66282704 6296.92385217 6215.55508382 1089.15104554 849.264387573 575.543221661 637.377439199 813.172798365             0         375.0        1000.0 1068.00046816 2348.53677851 2544.72493602 2938.64339449 3136.18000121 4301.16263352 4314.22067122 4912.48409667 4901.02030194 5278.73090809  6279.0325688 6275.44819117 6286.19519264 7384.52774387 7375.38134607 7378.43140512 7439.16998058 7405.82540977 6311.20036126 6335.71227251 4973.17805834 4936.59801888 4341.65866922 4383.20658879 3242.29856737 3101.61248385 2915.47594742 2731.30005675  2549.5097568  1308.1475452 1116.35567809 980.433577556 925.337776166 965.012953281 1089.15104554 2170.82933461 2275.54938421 2900.43100245 5391.89206123 5571.18703689 5679.78872847 6361.80005973 6839.77338806 7053.01354032 6985.02863273 7764.18057492 9471.70127274 9528.40285672 8630.50548925 8344.53413918 8382.31024241 9587.30770342 9648.37545911 9711.56532182 9776.83614468 9844.14653487  9913.4549477 9984.71977574 10057.8994328 10132.9524325  10209.837462 10288.5134495 10368.9396276 10451.0755906  9050.4834125 8845.09044612 8424.55488438 8606.13879739 5925.89655664  5557.9897445 5472.71641874  5147.8757755 5733.50896049  6227.2084436 7418.26293683 10534.8813472 10620.3173681 10707.3446288 10795.9246478 10886.0195205 10977.5919491  11070.605268 11165.0234662 11260.8112052 8217.73995695 7447.98630504 6972.17684802 6850.18247932 7595.53980965 7588.92357321 7585.51046404   7585.304806  7588.3068599 7594.51282177 7603.91484697 7616.50109959 7632.25582643 7651.15945462 10485.6962096 10594.0096753 10703.5007825  10814.133761 10925.8739239 11038.6876484 11152.5423559 11267.4064895 11383.2494921 11500.0417825
 6563.04228236 6862.27629872 7284.16254624    7585.79831 8152.64527623 7429.71230937 6339.21327926 6312.09157095 1325.94306062 1137.15654155 950.328890437 989.002022243 1110.46161573         375.0             0 1068.00046816        1000.0 2302.17288664 2501.99920064 2901.72362571 3101.61248385 4308.78463142  4300.0726738  4900.0637751  4907.7107698 5252.91585693 6303.61999172 6282.16722159        6275.0        7375.0 7381.09917289 7399.36652694 7399.36652694 7381.09917289 6282.16722159 6294.88879965 4922.96912442 4905.16309617 4305.88260407  4326.1559149   3134.984051 2989.25157857 2795.64393298 2603.00307338 2411.56069797  1076.1621625 832.541290267 638.846616959 550.567888639 614.918693812 795.691523142  1891.5932438 1982.73800589 2697.80002965 5282.10422086 5439.20950139        5525.0 6223.99590295 6761.88768023 6937.08332082 6888.39603972 7659.02245721  9344.6508763 9395.89463542 8486.45980371 8204.60998464 8192.83223312 9449.43617366 9505.23666197 9563.25655831 9623.45572027 9685.79351421 9750.22892039 9816.72063369 9885.22715976 9955.70690609 10028.1182681 10102.4197101 10178.5698406 10256.5274825 8841.41532788 8626.70273048 8223.51810359 8381.52730712 5604.74129644 5221.41025011 5132.37274562 4784.48011805 5364.34991402 5884.30114797 7091.98491256 10336.2517384 10417.7020499 10500.8382523 10585.6206242 10672.0099325 10759.9674721 10849.4551015 10940.4352747 11032.8710679 7885.31071043 7091.41205967 6605.53744975 6475.19304732 7221.08717577 7214.12752868  7210.5370119 7210.32065861 7213.47877241  7220.0069252 7229.89598819  7243.1321954 7259.69723887  7279.5683938 10217.7150087 10328.8390442 10441.1112435 10554.4949666 10668.9547754 10784.4564073 10900.9667461 11018.4537935 11136.8866386 11256.2354275
   5497.740354 5798.14289234 6221.78824776 6524.71922768 7121.27095398 6396.58111807 5301.06121451 5247.20163516 579.870675237 686.476510887 1131.92314227 1398.66007307 1676.67826371        1000.0 1068.00046816             0         375.0 1384.06105357 1573.41189776 1958.47517217 2153.05016198 3301.51480384 3318.50870121 3915.67363298 3901.28184063 4285.44046744 5279.79639759 5275.53314841 5288.31258531 6386.01988722 6375.44116121 6378.96935249 6449.12784801 6410.63569391 5318.01184655 5347.07864165 3991.55358225 3945.88393139 3354.10196625 3407.71184228 2326.47802483 2195.44984001 2024.84567313 1860.10752377 1702.93863659 928.035559664 998.123238884 1145.09824906 1343.96800557  1575.1984002 1826.54044576 1735.65549577 1878.33037563 2170.82933461 4457.85823014 4662.41621909 4802.08288142  5456.4182391 5872.18017435 6119.23197795 6032.46425601 6817.80756549 8544.77179332 8607.58159996 7725.64722208 7435.13617898 7547.39193364 8672.74287639 8740.20302968 8809.90925038  8881.8086559 8955.84842435 9031.97591892 9110.13880246 9190.28514248 9272.36350668 9356.32304915 9442.11358754 9529.68567163 9618.99064351 8249.92424208 8064.46681437 7610.72434135 7840.00159439 5492.38108656 5209.72648034  5147.8757755  5005.0599397 5650.05530946 5905.77048318 6991.46801466 9709.98068999 9802.60888743 9896.82923971 9992.59670956 10089.8672439 10188.5977936 10288.7463279 10390.2718444 10493.1343744 7815.44944325 7209.19551684 6838.21979758 6915.56216081 7713.12031541 7686.33599318 7662.63459914 7642.04481798 7624.59185793 7610.29730037 7599.17896881  7591.2508192 7586.52285306 7585.00105471 9821.90536505 9921.74586451 10023.0199541 10125.6846188 10229.6979916 10335.0193517 10441.6091193 10549.4288471 10658.4412087 10768.6099846
 5613.33448139 5907.86221911 6324.16192076 6622.41164531 7160.00174581  6438.2159796 5351.22649493 5361.20322316 952.955927627 1021.33491079 1361.29533901 1590.00786162 1839.32732269 1068.00046816        1000.0         375.0             0 1303.84048104 1503.32963784 1902.62975904 2102.37960416 3311.43850917 3300.09469561 3900.08012738 3909.68349103 4253.60141527 5309.01356186 5283.52391875        5275.0        6375.0 6382.05491985 6403.17304155 6403.17304155 6382.05491985 5283.52391875 5298.64369438 3928.81979734 3906.48499293 3307.66156068 3334.01034791 2174.42521141 2033.62361316 1848.14095783 1666.02070815 1488.49756466 555.090082779 665.676347785 870.703738363 1119.43065886  1388.5694077 1668.27006207 1370.44700737  1510.3807467  1891.5932438 4324.42192669 4503.88720996 4617.96762656 5295.10387056  5781.2736486 5985.24226744 5920.30404625 6697.80747708 8403.71941464 8460.66404013 7564.39025963 7277.74862165 7336.38194207 8520.08474136 8581.93008594 8646.14804407 8712.68615296 8781.49167283 8852.51173397 8925.69347446 9000.98416841 9078.33134447 9157.68289471 9238.98717393 9322.19308961  9407.2501827 8020.01402742 7824.32105681  7387.5740267 7592.75970909 5144.23220705 4849.03340884 4784.48011805 4630.46973859 5275.05924137 5543.01362077 6644.26444386 9494.10869961 9582.71965571 9673.03489087 9765.00711725 9858.58996003 9953.73799133 10050.4067579 10148.5528032 10248.1336837 7465.12725946 6840.18457353 6463.98677288 6544.32005635 7344.66473027   7316.531692 7291.62835038 7269.98789545 7251.63953875 7236.60832158  7224.9149476 7216.57564223 7211.60204116 7210.00110957 9535.28709584 9638.09711509 9742.32025752 9847.91165679  9954.8277735 10063.0263837 10172.4665642 10283.1086739 10394.9143335 10507.8464016
 4456.04353659 4736.92262972 5137.29734393 5426.04238833 5889.87478644 5172.58397709 4098.85654787 4203.86726717 1730.06502768 1976.89782235 2505.61868607 2780.84969029 3060.73928978 2348.53677851 2302.17288664 1384.06105357 1303.84048104             0         200.0         600.0         800.0 2034.85257451 2003.90244274 2603.00307338 2626.90407134 2950.95323582 4036.16463985 3995.07509316 3976.25766268 5075.98512606 5090.73914083 5123.04840891 5099.57106039 5078.93935778 3980.02826623 3995.07509316 2626.90407134 2603.00307338 2003.90244274 2034.85257451 976.281209488 866.386172558 742.041103983  656.22023742         625.0 1446.76362962  1734.3947071  2025.6171899 2319.07848078 2614.02467471 2910.00429553 1550.20159979  1685.6007831 1226.01998352 3076.62558658 3293.17476002 3455.52094481 4086.94568107 4493.11974023 4736.88980239 4648.65571967   5433.748706 7163.27439095 7227.83757427 6352.95206971 6060.57959275 6223.54400643 7295.16579661 7365.18322922 7437.81392615 7512.98209768 7590.61236001 7670.62996109 7752.96098275 7837.53251987  7924.2728373 8013.11150553 8103.97951626 8196.80937926 8291.53520164 6953.82089214 6788.22509939 6305.25574422 6579.51365984  4698.7365323 4550.61808989 4525.62150428 4650.94076505 5341.93317068    5252.14242 6158.42918284 8388.09275104 8486.41950413 8586.45468165 8688.13927144 8791.41604066 8896.22953841 9002.52608994 9110.25378351 9219.36245084 6996.65098458 6625.18867656 6410.00195008 6760.40864149  7605.3993978 7551.42609048 7500.30959361 7452.10869486 7406.88031495 7364.67921908 7325.55772621 7289.56541915 7256.74885882 7227.15130601 8657.69599836 8747.64631201  8839.4345973 8933.00419792 9028.29972918 9125.26711938 9223.85364151  9324.0079365 9425.68002852  9528.8213332
 4278.26179657 4556.40603985 4953.68791912 5240.64270868 5693.03302291 4976.50730935 3905.20486018 4026.47488506 1892.91441962 2148.98231728 2688.51724934 2967.00606673 3249.32685337 2544.72493602 2501.99920064 1573.41189776 1503.32963784         200.0             0         400.0         600.0 1838.64760082 1804.33505758 2403.25300374 2429.12021111 2751.02253717 3839.35215889 3796.13290073 3776.32427103 4876.02553316 4891.38272884        4925.0 4900.57394598 4879.10083929 3780.29430071 3796.13290073 2429.12021111 2403.25300374 1804.33505758 1838.64760082 832.541290267 742.041103983  656.22023742         625.0  656.22023742 1638.02472509 1928.24401983 2221.06393424 2515.57647469  2811.2497221 3107.75240327 1680.21575995 1808.65972477 1234.14950472 2895.79436425 3121.69825576 3295.54623697  3914.4763379 4299.78197122 4553.91315244  4459.8206242 5246.48691984 6980.86670837 7047.10124803 6177.37808459 5883.92938435 6068.97849724 7116.13968385 7187.90122358 7262.30514369 7339.27108097 7418.71929648  7500.5709116 7584.74811711 7671.17435599 7759.77448126 7850.47489009 7943.20363581 8037.89051928 8134.46716141 6807.76211394 6648.30805544 6156.80517801 6444.37739429 4674.19779214 4551.71670911 4533.34865193 4701.19665617  5395.0208526 5250.23808984 6120.15114192 8232.86705832 8333.02562099 8434.88020069 8538.37010207 8643.43658506 8750.02285711 8858.07405704 8967.53723159 9078.36130587 6958.67264642 6629.71530309 6440.35131029 6829.57721971 7678.67827168 7621.13088721 7566.36266643 7514.43437658 7465.40528036  7419.3328541 7376.27250039 7336.27725757 7299.39750938 7265.68069764 8545.15652285 8632.66563699 8722.08713554 8813.36280883  8906.4356507 9001.24991321  9097.7511507 9195.88625419 9295.60347691 9396.85245175
 3929.11236795  4200.6708988 4590.57991979 4873.30852707 5300.05896194 4585.37075927 3520.03196008 3678.65464538 2236.76663959 2505.61868607 3060.73928978 3344.11797041 3630.16872886 2938.64339449 2901.72362571 1958.47517217 1902.62975904         600.0         400.0             0         200.0 1449.35330406 1405.56927969 2003.90244274 2034.85257451 2351.19650391 3446.82825218 3398.62104389 3376.48115647 4476.11717898 4492.84152848   4529.417733 4502.84632205 4479.46704419 3380.92073258 3398.62104389 2034.85257451 2003.90244274 1405.56927969 1449.35330406 642.748006609         625.0  656.22023742 742.041103983 866.386172558  2025.6171899 2319.07848078 2614.02467471 2910.00429553 3206.73120171 3504.01555362 1975.63281001 2090.75345271  1342.8049002 2542.75932797 2790.16128566 2990.08779135 3578.14546937 3915.11494084 4192.62745781 4085.33964316        4875.0 6619.10114744  6688.9188962 5830.95189485 5535.39745637 5768.23196482 6761.61548744 6837.09909245 6915.27844703 6996.06317867 7079.36409574 7165.09343973 7253.16510222 7343.49480833 7436.00026896 7530.60130401 7627.21993914 7725.78047837 7826.20955508 6524.23367147 6378.08748764 5869.09277487 6184.65843843 4650.60479938 4580.18831491  4575.0683055  4825.0647664 5521.43550175 5269.25042108 6062.69329589 7928.43616358 8032.39167372 8138.00983042 8245.22674036 8353.98084748 8464.21289902  8575.8659038 8688.88508383 8803.21782077 6899.50179361 6656.81042242 6519.05859768  6983.0598594 7838.50113223 7774.11319701 7712.34361268 7653.25577777 7596.91226749 7543.37457641 7492.70285011 7444.95560766 7400.18945703 7358.45880603 8329.92797088 8412.25986284 8496.65840198 8583.06262356 8671.41257236  8761.6493881  8853.7153783 8947.55407919 9043.11030564 9140.33019097
 3758.34059127 4025.92051586 4411.41972612 4691.64534039 5103.98128915 4390.40146228 3328.75727562  3508.9172119 2415.18632822 2688.51724934 3249.32685337 3534.56150038 3822.05769187 3136.18000121 3101.61248385 2153.05016198 2102.37960416         800.0         600.0         200.0             0 1257.22909607  1206.4928512 1804.33505758 1838.64760082 2151.30774182 3251.24975971 3200.09765476 3176.57441279 4276.16943069 4293.67267034 4331.93086279 4304.14044845 4279.67580548 3181.29297613 3200.09765476 1838.64760082 1804.33505758  1206.4928512 1257.22909607 626.996810199  656.22023742 742.041103983 866.386172558 1015.19702521 2221.06393424 2515.57647469  2811.2497221 3107.75240327 3404.86783884 3702.44851416 2136.14723275 2245.27281193 1436.35824222 2371.84000304 2631.53947339 2846.15969334 3415.13176905 3723.99315252 4014.73847218        3900.0 4691.01534851 6439.91459571 6511.65386058 5660.38867923 5363.82559373  5622.4994442 6586.30731138 6663.77700707 6743.96589552 6826.77815664 6912.11950128 6999.89742782 7090.02143861 7182.40321898 7276.95678151 7373.59857871  7472.2475869 7572.82536442 7675.25608693 6387.14529348 6248.19974073 5730.29231366  6060.5280298 4651.67980411 4607.39894083 4608.82306017 4898.08636102 5594.30514005 5290.08506548  6043.6950618 7779.46656269 7885.38623024 7992.94714107 8102.08392946 8212.73377141 8324.83633473 8438.33372177 8553.17040635 8669.29316611 6878.45367797 6679.30572739 6567.20069741 7067.04499773  7924.7775994 7857.12644674  7792.0115503 7729.49700821 7669.64640645 7612.52257796 7558.18734883 7506.70127286 7458.12335645 7412.51077571 8227.49658159 8307.08829856 8388.82613957 8472.64799222 8558.49262429 8646.29978661 8736.01030219 8827.56614249 8920.91049165 9015.98779946
 2562.99609832 2811.23833924 3178.74959693 3450.58850053 3855.19130524 3137.87348375 2071.53324859 2321.23350829 3441.83817168 3736.47561212 4327.96141388 4624.52700284 4921.50891496 4301.16263352 4308.78463142 3301.51480384 3311.43850917 2034.85257451 1838.64760082 1449.35330406 1257.22909607             0         250.0         650.0         600.0 1051.18980208 2001.56189012 1975.15822151 1994.05366026 3087.27225881 3075.10162434 3092.12709959 3197.06897017 3128.29825944 2057.00024307 2121.61495093 960.468635615 781.024967591         500.0         750.0 1600.78105936 1720.46505341 1886.79622641  2059.1260282  2236.0679775 3474.37044657 3766.46385885 4059.71058082 4353.87758211 4648.79016519 4944.31491715 3355.96483891 3451.53951158 2522.39965113 1833.71208209 2196.16142394 2529.82212813 2857.00892543 2787.92037189   3253.459697 3045.59107564 3830.46994506 5606.07928949 5698.61921872 4934.63524488 4633.70801842 5137.91056754 5793.88203194 5891.73565259 5992.05315397 6094.71287265 6199.59845474 6306.59884565 6415.60823305 6526.52595184 6639.25635896 6753.70868486 6869.79686745 6987.43937362 7106.55901263 5959.97063751 5883.92938435 5303.59547854  5747.2275925 5196.75379444  5287.8398236 5321.24280596 5784.94814151 6469.78554513 5921.41241597 6440.93355035 7227.08274479  7348.9414884  7472.0699274 7596.40632141 7721.89231989 7848.47278138 7976.09559872 8104.71153096 8234.27404208 7247.84450716 7294.00438717 7313.77125702 7976.52806677 8838.28179003 8756.32120242 8676.39147342  8598.5492381 8522.85169412 8449.35648437 8378.12156751  8309.2050763 8242.66516365 8178.55983655 8041.69291878 8100.02722218 8160.92696941  8224.3351707 8290.19426793 8358.44632692 8429.03321858 8501.89678836 8576.97901362 8654.22214875
 2728.36013019 2962.77926954 3313.52516212 3575.13090669 3905.12483795 3197.06897017 2160.15045772 2492.61408967 3499.46424471  3789.6239919  4373.9284402 4667.57431649 4961.98045139 4314.22067122  4300.0726738 3318.50870121 3300.09469561 2003.90244274 1804.33505758 1405.56927969  1206.4928512         250.0             0         600.0         650.0 970.824391947 2057.00024307 1994.05366026 1975.15822151 3075.10162434 3087.27225881 3128.29825944 3137.87348375 3092.12709959 2001.56189012 2043.58753177 781.024967591         650.0         250.0         500.0 1457.73797371 1588.23801743 1767.05970471        1950.0 2136.00093633 3423.63111331 3719.71101028 4016.37274167 4313.49626173 4610.99230101  4908.7931307  3244.2256395 3331.76004538 2371.70824513 1612.45154966  1968.0256604 2294.01394939 2650.47165614 2661.76633084 3085.85482484 2898.38316998 3689.17334914 5463.80133241  5551.6899229   4767.140128 4466.12247929 4931.84803091 5642.52328307 5736.16152144 5832.46954557 5931.31730731 6032.57996217 6136.13795477  6241.8770414 6349.68826006 6459.46785734 6571.11718051 6684.54254231 6799.65506478 6916.37050772 5748.58678285 5665.30008031 5090.73914083 5523.18974869 4955.42631869 5055.81348548 5091.96671238 5574.77578024 6256.64646596 5684.46347512  6192.5862933 7034.60908651 7154.29528325 7275.35765444  7397.7286379 7521.34436122 7646.14445325 7772.07186019 7899.07266709 8027.09592568 6998.66058614  7054.4312315 7084.57832196  7766.1122835 8627.58511984 8543.60351374 8461.66467074  8381.8284998 8304.15564642 8228.70737115 8155.54541401 8084.73184466 8016.32889794 7950.39879503 7809.53423707 7869.58963352 7932.25875776 7997.48016565  8065.1919382 8135.33189243 8207.83777861 8282.64746322 8359.69909746  8438.9312712
