             0        1975.0        7150.0        9125.0 1221.97544984 637.455096458 706.629322913 1297.57466067 5976.04584989 6600.28400904 7791.16968112 8415.71149696 9146.37906496 7177.26445103 5000.65995645 2071.53324859         625.0  2311.7309532         795.0 2129.00211367 7194.06178734 9159.56603776 8482.93581256  7863.7347997 6685.78708904 6070.34793072  1679.1962363   1278.798264 1241.91344304 1621.48820532        1420.0 2432.49357656 7289.64333833 9234.82674445 9474.60421337 7591.11322534 3225.38757361        2550.0 3094.62824908 2913.73454522 2929.64588304 3125.25198984 6617.90178229 7186.60204826 8293.72202331 8883.00061916 9661.58630868 7823.24261416 5927.06504098 3739.15097315        3175.0 3932.88698032        3345.0 3884.53986979 7893.76494456 9718.77821539 9171.89729554 8602.43134236 7540.77244054 7000.90165622 3870.81386791 3714.67697115 3702.14113723 3846.13104301        3970.0 4434.13182032 8178.22719176  9951.2072132 10453.4982183 8782.51103045 5469.06070546        5100.0 5537.61898292 5438.59807303 5447.13915739 5554.79072513 8055.13029069 8528.52560528 9480.20701251 9999.80999819 10772.2444272 9159.59196689  6056.0919742        5725.0 6212.57595527        5895.0 6217.04511806 7632.73214518 9266.79691155 10863.5468425  10454.290985 9958.42984612 9057.13801374 8612.84645167 6336.53690907  6242.3813565 6234.92975101 6321.48906509        6520.0 6812.56376117 9676.40945806 11214.9910834 11907.4818917 10471.1508441 7900.83065253        7650.0 8047.28053444 7979.46420507 7985.28803488 8059.10665024 9948.80012866 10335.8235763 11134.0839318 11579.7107045 12318.3298381 10936.0927666 8507.42322916        8275.0 8644.62838993        8445.0 8672.86861425 9715.55968537 11065.2846778 12433.1673358 12143.5456107 11719.3781832 10963.8154399 10599.7464121 8850.15254106 8782.98497095 8777.69041377 8839.38482022 12865.8666634 11549.3463018 9282.53871524        9070.0
        1975.0             0        5175.0        7150.0 3172.18363277 2550.90650554 1375.39085354 779.310592768 4005.01548062 4628.39324172 5818.26434601 6442.46265026 7177.26445103 5212.60491501 3058.54949282         625.0 2071.53324859 4234.94096771 2129.00211367         795.0 5235.70912103 7194.06178734 6530.03254203 5915.08241701 4749.52881874 4144.41177973  1320.3503323 1740.02873539 2764.62004623 3346.45319704 2432.49357656        1420.0 5366.28595958 7289.64333833 7591.11322534 5769.15288409        2550.0 3225.38757361 4259.84142897 3819.76753219 3158.35400169 2948.02052232 4911.58314599 5431.89874722 6475.77794554 7041.93332828 7823.24261416  6071.3466381 4413.41421124        3175.0 3739.15097315 5297.00151029 3884.53986979        3345.0 6161.95180117 7893.76494456 7403.02809666 6866.70954679 5892.49726347 5416.60862533 3729.18556792 3897.58899834 4450.46334666 4833.45104454 4434.13182032        3970.0 6522.38644976 8178.22719176 8782.51103045 7265.71572524        5100.0 5469.06070546 6263.76476251 5973.20048215 5573.48185608 5457.04361353 6723.99799227 7112.94763091 7938.77824353 8406.98073032 9159.59196689 7717.26959488        5725.0  6056.0919742 7154.48984904 6217.04511806        5895.0 6527.38270672 7844.21124142 9266.79691155 8942.78060784 8504.12840919 7738.86451619 7382.96342941  6251.0259158 6352.92845859 6706.34952862 6966.40143833 6812.56376117        6520.0 8324.12307694 9676.40945806 10471.1508441  9235.9690883        7650.0 7900.83065253 8563.19151952 8353.00089788 8072.00099108 7992.04760997 8905.37191812 9202.58246363 9854.83130246 10235.7620625 10936.0927666 9759.93083992        8275.0 8507.42322916 9344.52914812 8672.86861425        8445.0  8873.5688987 9904.47626076 11065.2846778 10869.5365587 10511.5983561 9902.70286336   9627.130881 8789.13107195 8861.89595967  9118.5867326 9311.51163883 11549.3463018 10442.4865334        9070.0 9282.53871524
        7150.0        5175.0             0        1975.0 8337.76492832 7713.23207222 6522.37111793 5898.15225304 1221.97544984 637.455096458 706.629322913 1297.57466067 2071.53324859         625.0  2311.7309532 5212.60491501 7177.26445103 9376.91847037 7194.06178734 5235.70912103         795.0 2129.00211367  1679.1962363   1278.798264 1241.91344304 1621.48820532 5993.68000481 6608.88228069 7786.52355034  8405.6126487 7289.64333833 5366.28595958        1420.0 2432.49357656 3225.38757361        2550.0 5769.15288409 7591.11322534 8809.18974708 8220.55040736 7115.11243762 6547.64843283 3094.62824908 2913.73454522 2929.64588304 3125.25198984 3739.15097315        3175.0 3932.88698032  6071.3466381 7823.24261416 9902.02504541 7893.76494456 6161.95180117        3345.0 3884.53986979 3870.81386791 3714.67697115 3702.14113723 3846.13104301 6934.52954424 7472.67187825 8531.90769992 9100.42987996 8178.22719176 6522.38644976        3970.0 4434.13182032 5469.06070546        5100.0 7265.71572524 8782.51103045 9934.30037798 9416.25982012 8468.37203954 7997.51211315 5537.61898292 5438.59807303 5447.13915739 5554.79072513  6056.0919742        5725.0 7717.26959488 9159.59196689 11008.1151884 9266.79691155 7844.21124142 6212.57595527        5895.0 6217.04511806 6336.53690907  6242.3813565 6234.92975101 6321.48906509 8558.98358452 9000.51804065  9897.5728843 10391.6468377 9676.40945806 8324.12307694        6520.0 6812.56376117 7900.83065253        7650.0  9235.9690883 10471.1508441 11523.1863649 11079.6863223 10286.2444556 9902.20682474 8047.28053444 7979.46420507 7985.28803488 8059.10665024 8507.42322916        8275.0 9759.93083992 10936.0927666 12542.4120487 11065.2846778 9904.47626076 8644.62838993        8445.0 8672.86861425 8850.15254106 8782.98497095 8777.69041377 8839.38482022 10556.0267146 10917.0886687 11667.7096724 12089.6577288 9282.53871524        9070.0 10442.4865334 11549.3463018
        9125.0        7150.0        1975.0             0 10311.6608265 9686.96154633 8495.65771439 7871.10697424 3172.18363277 2550.90650554 1375.39085354 779.310592768         625.0 2071.53324859 4234.94096771 7177.26445103 9146.37906496 11347.2342445 9159.56603776 7194.06178734 2129.00211367         795.0  1320.3503323 1740.02873539 2764.62004623 3346.45319704 7942.94183537 8562.25437604 9745.42066819 10366.5977543 9234.82674445 7289.64333833 2432.49357656        1420.0        2550.0 3225.38757361 7591.11322534 9474.60421337 10696.4409501 10095.5794286 8958.77781843 8368.86043616 4259.84142897 3819.76753219 3158.35400169 2948.02052232        3175.0 3739.15097315 5297.00151029 7823.24261416 9661.58630868 11784.8727189 9718.77821539 7893.76494456 3884.53986979        3345.0 3729.18556792 3897.58899834 4450.46334666 4833.45104454 8674.89625298 9245.30691757 10350.6871269 10937.5430971  9951.2072132 8178.22719176 4434.13182032        3970.0        5100.0 5469.06070546 8782.51103045 10453.4982183 11640.5476246 11090.9523486 10067.1843134 9546.01094699 6263.76476251 5973.20048215 5573.48185608 5457.04361353        5725.0  6056.0919742 9159.59196689 10772.2444272 12728.3826545 10863.5468425 9266.79691155 7154.48984904 6217.04511806        5895.0  6251.0259158 6352.92845859 6706.34952862 6966.40143833 10021.0940022 10518.7546791 11502.4007929 12033.2185636 11214.9910834 9676.40945806 6812.56376117        6520.0        7650.0 7900.83065253 10471.1508441 11907.4818917 13022.8971047 12534.0625497  11637.942258  11190.166442 8563.19151952 8353.00089788 8072.00099108 7992.04760997        8275.0 8507.42322916 10936.0927666 12318.3298381 14076.4066793 12433.1673358 11065.2846778 9344.52914812 8672.86861425        8445.0 8789.13107195 8861.89595967  9118.5867326 9311.51163883 11772.6728061 12199.0860313 13056.7501316 13526.7087276        9070.0 9282.53871524 11549.3463018 12865.8666634
 1221.97544984 3172.18363277 8337.76492832 10311.6608265             0         625.0        1817.0        2442.0        7150.0        7775.0        8967.0        9592.0 10311.8123528 8337.95232656 6145.03246533 3172.67615744  1223.2534488 1093.76597131 1277.63414169 3194.03725714 8346.10382154 10318.4046247  9625.3033199 9002.61567546 7816.04919381 7194.61604257 2569.70114994 1985.31836238 1015.19702521         800.0 1621.48820532 3346.45319704  8405.6126487 10366.5977543 10547.5992055 8627.85164453 3870.94936676 2532.73054232        2550.0 2625.47614729 3131.13222333 3530.70304614 7591.11322534 8182.48892453 9322.53125498 9925.16821016 10697.7789284 8810.81432105 6804.69867077 4263.19997185 3099.24974792 3120.70889383 3257.04605433 4379.25495947 8867.55033817 10744.5555515 10160.1655498 9572.33456373 8465.99816915 7895.88500423 4145.58367422 3811.03516121 3407.80354481        3350.0 3846.13104301 4833.45104454 9100.42987996 10937.5430971 11365.6653567 9610.74003394  5736.7890845 4933.68260025        5100.0 5138.15385134 5414.00858884 5654.49944734 8782.51103045 9298.42056481 10315.8658871 10863.5382818 11642.8722401 9937.02415213 6268.08375822 5542.50385656 5593.41791752 5708.70817261 6415.51821757  8237.1975817  10030.675401 11722.9038212 11261.2816322 10733.9223493 9760.15496803   9269.978425 6385.40241488 6173.45033186 5933.01146131        5900.0 6321.48906509 6966.40143833 10391.6468377 12033.2185636 12653.4520586 11103.9553313 7990.13447947 7434.56279817        7650.0  7675.4885838  7862.8232207 8030.30908496 10471.1508441 10907.4802315 11786.8396528 12269.0245741 13025.9538614 11526.6408376 8567.83951764  8052.2263381 8114.11264403  8220.4226777 8726.10302483 10119.4823978 11644.7605815 13130.5930559 12783.1515676 12321.1034003 11482.7316001 11069.1011379 8795.78671865 8643.14693847 8473.08237892        8450.0 13526.7087276 12089.6577288 9311.51163883 8839.38482022
 637.455096458 2550.90650554 7713.23207222 9686.96154633         625.0             0        1192.0        1817.0        6525.0        7150.0        8342.0        8967.0 9687.12284427 7713.43464353 5521.50785565 2551.51895937 639.901554929 1690.99053812 738.562116548 2578.03200135 7722.24539885 9694.13993091 9002.61567546 8380.27231061 7194.61604257 6573.85921662 1985.31836238 1435.57096655         800.0 1015.19702521 1241.91344304 2764.62004623 7786.52355034 9745.42066819 9937.74239956 8025.92356056 3380.62479432 2308.21337835 2625.47614729        2550.0 2814.84706512 3131.13222333  7005.5781346 7591.11322534  8723.0421299 9322.53125498 10096.9970288  8222.2912865 6247.36336385   3823.512652 2918.64249267 3376.67721288 3085.68857794 3952.49908286 8283.05945892 10146.5436972 9572.33456373 8989.51967571 7895.88500423 7334.72051274 3811.03516121 3555.75083492        3350.0 3407.80354481 3702.14113723 4450.46334666 8531.90769992 10350.6871269 10802.0935008 9074.24647009 5418.03691386  4822.2763297 5138.15385134        5100.0 5237.44823363 5414.00858884 8281.64385856 8782.51103045 9777.47227048 10315.8658871 11093.3921323 9419.13339963 5977.72941843 5443.57180535 5740.16106046 5612.70647727 6132.14880772 7783.12591444 9517.88180217 11177.3587667 10733.9223493 10217.5811228   9269.978425 8796.90996885 6173.45033186 6019.20792131        5900.0 5933.01146131 6234.92975101 6706.34952862  9897.5728843 11502.4007929 12149.7623022       10643.0 7764.44614895 7361.10378951  7675.4885838        7650.0 7742.30999121  7862.8232207 10054.7563372 10471.1508441 11318.6334864 11786.8396528 12537.2384918 11083.2790274 8357.76578997 7984.45201626 8215.95697408 8154.04648012 8519.93245278 9753.43780418 11206.0730856 12645.9222281 12321.1034003 11873.9826512 11069.1011379 10676.0538122 8643.14693847 8533.66064476        8450.0 8473.08237892 13056.7501316 11667.7096724  9118.5867326 8777.69041377
 706.629322913 1375.39085354 6522.37111793 8495.65771439        1817.0        1192.0             0         625.0        5333.0        5958.0        7150.0        7775.0 8495.84162988 6522.61067365  4333.5003173 1376.52642546  708.83707578 2863.07963564 799.030662741 1425.07017371  6533.0276289 8503.84177887 7816.04919381 7194.61604257 6011.46937113 5392.66993242 1015.19702521         800.0 1435.57096655 1985.31836238   1278.798264 1740.02873539 6608.88228069 8562.25437604 8780.52959678  6889.3268902 2610.21071946 2328.26652254 3131.13222333 2814.84706512        2550.0 2625.47614729  5911.2933441 6480.76106642 7591.11322534 8182.48892453 8960.37527116 7117.12371678 5227.01874877 3162.88238795 2934.52721916 4091.42090233 3100.71765887 3317.65353827 7187.24216929 9016.17019582 8465.99816915 7895.88500423 6835.22230802 6297.88766175 3407.80354481        3350.0 3555.75083492 3811.03516121 3714.67697115 3897.58899834 7472.67187825 9245.30691757 9748.03569957 8086.36661301 4973.90188886 4831.90697344 5414.00858884 5237.44823363        5100.0 5138.15385134 7379.08456382 7842.68856962 8782.51103045 9298.42056481 10069.8721442 8471.56715136 5578.33532517 5452.10509803 6187.66716946 5620.98301011 5743.50285105  6990.6526877  8581.2266023 10162.2991985 9760.15496803   9269.978425 8384.97251039 7953.04275105 5933.01146131        5900.0 6019.20792131 6173.45033186  6242.3813565 6352.92845859 9000.51804065 10518.7546791  11222.998708 9814.31734763 7461.31355728 7367.41643997  7862.8232207 7742.30999121        7650.0  7675.4885838 9325.41629098 9696.40469452 10471.1508441 10907.4802315  11641.362678 10290.1141879  8076.9316575 7990.27221063  8534.6192065 8159.74570682 8244.62400598 9133.54941958  10422.257433  11758.330026 11482.7316001 11069.1011379 10339.2583873 9992.16638172 8473.08237892        8450.0 8533.66064476 8643.14693847 12199.0860313 10917.0886687 8861.89595967 8782.98497095
 1297.57466067 779.310592768 5898.15225304 7871.10697424        2442.0        1817.0         625.0             0        4708.0        5333.0        6525.0        7150.0 7871.30548257 5898.41716056 3711.61689833  781.31299746 1298.77827207 3483.04464513   1350.120365  863.97337922  5909.9344328 7879.93972058 7194.61604257 6573.85921662 5392.66993242 4775.48573446         800.0 1015.19702521 1985.31836238 2569.70114994  1679.1962363  1320.3503323 5993.68000481 7942.94183537 8177.76405871  6301.5632981 2351.34535958  2570.0583651 3530.70304614 3131.13222333 2625.47614729        2550.0 5354.22860924  5911.2933441  7005.5781346 7591.11322534  8370.5704704 6549.83396736 4724.25655527 2952.87148383 3129.82827005 4546.87804983 3286.15656961  3118.0843478 6625.95842124 8430.26986519 7895.88500423 7334.72051274 6297.88766175 5778.21460315        3350.0 3407.80354481 3811.03516121 4145.58367422 3870.81386791 3729.18556792 6934.52954424 8674.89625298 9208.81778514 7591.85089422 4843.06979095 4952.94861673 5654.49944734 5414.00858884 5138.15385134        5100.0 6940.84029495 7379.08456382 8281.64385856 8782.51103045 9548.84547995 8000.89526241 5462.00054925 5559.66051122 6497.81501737 5725.36680048  5630.5816751 6623.14879797 8116.91597838   9646.266117   9269.978425 8796.90996885 7953.04275105 7548.19607588        5900.0 5933.01146131 6173.45033186 6385.40241488 6336.53690907  6251.0259158 8558.98358452 10021.0940022 10757.9656534 9411.04138765 7374.74236838 7447.36194904 8030.30908496  7862.8232207  7675.4885838        7650.0 8982.63680664 9325.41629098 10054.7563372 10471.1508441 11193.7236879 9906.22657726 7997.02757279 8064.04520077 8762.08308566 8232.00006074 8166.36087863 8855.42771412 10043.4219766  11315.319262 11069.1011379 10676.0538122 9992.16638172 9673.04316128        8450.0 8473.08237892 8643.14693847 8795.78671865 11772.6728061 10556.0267146 8789.13107195 8850.15254106
 5976.04584989 4005.01548062 1221.97544984 3172.18363277        7150.0        6525.0        5333.0        4708.0             0         625.0        1817.0        2442.0 3172.67615744  1223.2534488 1093.76597131 4005.40559744 5976.30730468  8177.7884541 5987.67475737 4022.34682741 1277.63414169 3194.03725714 2569.70114994 1985.31836238 1015.19702521         800.0 4775.48573446 5392.66993242 6573.85921662 7194.61604257 6070.34793072 4144.41177973 1621.48820532 3346.45319704 3870.94936676 2532.73054232 4578.38934561 6374.52931596 7591.11322534  7005.5781346  5911.2933441 5354.22860924        2550.0 2625.47614729 3131.13222333 3530.70304614 4263.19997185 3099.24974792 3120.70889383 4914.49631193 6620.06412356 8684.39543089 6695.39013053 5015.50336457 3257.04605433 4379.25495947 4145.58367422 3811.03516121 3407.80354481        3350.0 5778.21460315 6297.88766175 7334.72051274 7895.88500423 7000.90165622 5416.60862533 3846.13104301 4833.45104454  5736.7890845 4933.68260025 6236.03632125 7652.52402806 8782.51103045 8281.64385856 7379.08456382 6940.84029495        5100.0 5138.15385134 5414.00858884 5654.49944734 6268.08375822 5542.50385656 6728.02155169 8058.48925047  9847.1429359 8173.69249483 6865.58620949 5593.41791752 5708.70817261 6415.51821757 6385.40241488 6173.45033186 5933.01146131        5900.0 7548.19607588 7953.04275105 8796.90996885   9269.978425 8612.84645167 7382.96342941 6321.48906509 6966.40143833 7990.13447947 7434.56279817 8355.81528039 9460.05412247 10471.1508441 10054.7563372 9325.41629098 8982.63680664        7650.0  7675.4885838  7862.8232207 8030.30908496 8567.83951764  8052.2263381 8909.84141273 9952.80106302 11468.1613173 10089.3631613 9062.13407537 8114.11264403  8220.4226777 8726.10302483 8795.78671865 8643.14693847 8473.08237892        8450.0 9673.04316128 9992.16638172 10676.0538122 11069.1011379 9311.51163883 8839.38482022   9627.130881 10599.7464121
 6600.28400904 4628.39324172 637.455096458 2550.90650554        7775.0        7150.0        5958.0        5333.0         625.0             0        1192.0        1817.0 2551.51895937 639.901554929 1690.99053812 4628.73081957 6600.52073703 8802.09344418 6610.81492707 4643.39843218 738.562116548 2578.03200135 1985.31836238 1435.57096655         800.0 1015.19702521 5392.66993242 6011.46937113 7194.61604257 7816.04919381 6685.78708904 4749.52881874 1241.91344304 2764.62004623 3380.62479432 2308.21337835  5132.5942758 6963.13499797 8182.48892453 7591.11322534 6480.76106642  5911.2933441 2625.47614729        2550.0 2814.84706512 3131.13222333   3823.512652 2918.64249267 3376.67721288 5434.53300662 7188.59332554 9274.66166499 7258.02135571 5526.04279752 3085.68857794 3952.49908286 3811.03516121 3555.75083492        3350.0 3407.80354481 6297.88766175 6835.22230802 7895.88500423 8465.99816915 7540.77244054 5892.49726347 3702.14113723 4450.46334666 5418.03691386  4822.2763297  6653.5722736 8149.34040276 9298.42056481 8782.51103045 7842.68856962 7379.08456382 5138.15385134        5100.0 5237.44823363 5414.00858884 5977.72941843 5443.57180535 7116.75129536 8531.69818969 10371.4439207 8640.59453973 7246.94066486 5740.16106046 5612.70647727 6132.14880772 6173.45033186 6019.20792131        5900.0 5933.01146131 7953.04275105 8384.97251039   9269.978425 9760.15496803 9057.13801374 7738.86451619 6234.92975101 6706.34952862 7764.44614895 7361.10378951 8671.88122612 9866.26824083 10907.4802315 10471.1508441 9696.40469452 9325.41629098  7675.4885838        7650.0 7742.30999121  7862.8232207 8357.76578997 7984.45201626 9206.90767848 10339.6747531 11921.3820088 10471.1925777 9354.36523768 8215.95697408 8154.04648012 8519.93245278 8643.14693847 8533.66064476        8450.0 8473.08237892 9992.16638172 10339.2583873 11069.1011379 11482.7316001  9118.5867326 8777.69041377 9902.70286336 10963.8154399
 7791.16968112 5818.26434601 706.629322913 1375.39085354        8967.0        8342.0        7150.0        6525.0        1817.0        1192.0             0         625.0 1376.52642546  708.83707578 2863.07963564 5818.53289069 7791.37022609 9993.00880616 7800.09294816 5830.20797228 799.030662741 1425.07017371 1015.19702521         800.0 1435.57096655 1985.31836238 6573.85921662 7194.61604257 8380.27231061 9002.61567546  7863.7347997 5915.08241701   1278.798264 1740.02873539 2610.21071946 2328.26652254 6226.85313782 8100.85335011 9322.53125498  8723.0421299 7591.11322534  7005.5781346 3131.13222333 2814.84706512        2550.0 2625.47614729 3162.88238795 2934.52721916 4091.42090233 6477.98772768  8295.4475467 10411.6629315 8355.68369435 6554.94660543 3100.71765887 3317.65353827 3407.80354481        3350.0 3555.75083492 3811.03516121 7334.72051274 7895.88500423 8989.51967571 9572.33456373 8602.43134236 6866.70954679 3714.67697115 3897.58899834 4973.90188886 4831.90697344 7529.95351911 9140.58668795 10315.8658871 9777.47227048 8782.51103045 8281.64385856 5414.00858884 5237.44823363        5100.0 5138.15385134 5578.33532517 5452.10509803 7942.18641181 9483.06121461 11399.5712639 9581.15076596 8059.05236365 6187.66716946 5620.98301011 5743.50285105 5933.01146131        5900.0 6019.20792131 6173.45033186 8796.90996885   9269.978425 10217.5811228 10733.9223493 9958.42984612 8504.12840919  6242.3813565 6352.92845859 7461.31355728 7367.41643997 9361.18048111 10699.6179838 11786.8396528 11318.6334864 10471.1508441 10054.7563372  7862.8232207 7742.30999121        7650.0  7675.4885838  8076.9316575 7990.27221063  9858.8703714 11137.6590898 12825.8615695 11259.8601235 9996.71571067  8534.6192065 8159.74570682 8244.62400598 8473.08237892        8450.0 8533.66064476 8643.14693847 10676.0538122 11069.1011379 11873.9826512 12321.1034003 8861.89595967 8782.98497095 10511.5983561 11719.3781832
 8415.71149696 6442.46265026 1297.57466067 779.310592768        9592.0        8967.0        7775.0        7150.0        2442.0        1817.0         625.0             0  781.31299746 1298.77827207 3483.04464513 6442.70517718 8415.89715954 10617.5373793  8423.9732312 6453.25111862   1350.120365  863.97337922         800.0 1015.19702521 1985.31836238 2569.70114994 7194.61604257 7816.04919381 9002.61567546  9625.3033199 8482.93581256 6530.03254203  1679.1962363  1320.3503323 2351.34535958  2570.0583651 6813.72328467 8703.20056071 9925.16821016 9322.53125498 8182.48892453 7591.11322534 3530.70304614 3131.13222333 2625.47614729        2550.0 2952.87148383 3129.82827005 4546.87804983 7043.96550247 8884.61169664 11012.4747446 8940.87943102 7114.80498679 3286.15656961  3118.0843478        3350.0 3407.80354481 3811.03516121 4145.58367422 7895.88500423 8465.99816915 9572.33456373 10160.1655498 9171.89729554 7403.02809666 3870.81386791 3729.18556792 4843.06979095 4952.94861673 8022.05241818 9678.43995694 10863.5382818 10315.8658871 9298.42056481 8782.51103045 5654.49944734 5414.00858884 5138.15385134        5100.0 5462.00054925 5559.66051122  8410.1991653 10002.5159335 11950.8200555 10095.5596675  8520.6484495 6497.81501737 5725.36680048  5630.5816751        5900.0 5933.01146131 6173.45033186 6385.40241488   9269.978425 9760.15496803 10733.9223493 11261.2816322  10454.290985 8942.78060784 6336.53690907  6251.0259158 7374.74236838 7447.36194904 9761.39462372 11162.6027431 12269.0245741 11786.8396528 10907.4802315 10471.1508441 8030.30908496  7862.8232207  7675.4885838        7650.0 7997.02757279 8064.04520077  10239.650873 11583.1483199 13318.2055848 11700.6976288 10372.4370328 8762.08308566 8232.00006074 8166.36087863        8450.0 8473.08237892 8643.14693847 8795.78671865 11069.1011379 11482.7316001 12321.1034003 12783.1515676 8789.13107195 8850.15254106 10869.5365587 12143.5456107
 9146.37906496 7177.26445103 2071.53324859         625.0 10311.8123528 9687.12284427 8495.84162988 7871.30548257 3172.67615744 2551.51895937 1376.52642546  781.31299746             0        1975.0 4175.86517982        7150.0        9125.0 11325.3189801 9126.58342426 7152.02069348 1982.30295364         170.0  863.97337922 1425.07017371 2578.03200135 3194.03725714 7879.93972058 8503.84177887 9694.13993091 10318.4046247 9159.56603776 7194.06178734 2129.00211367         795.0        1925.0  2757.9430741 7404.60160981 9325.83776398 10546.5384843 9936.61657708 8779.25537845 8176.39590529 3868.05816916 3377.31387348 2605.92114232  2346.5826216        2550.0 3225.38757361 4936.98794813 7591.11322534 9474.60421337 11627.5040314 9521.76585513 7649.89542412 3361.40223716        2720.0  3118.0843478 3317.65353827 3952.49908286 4379.25495947 8430.26986519 9016.17019582 10146.5436972 10744.5555515 9718.77821539 7893.76494456 3884.53986979        3345.0        4475.0 4891.44661629 8434.93479524 10163.2302936 11363.5590376 10799.8772678 9745.57976726 9206.21800741 5732.61493561  5413.6169979 4969.08693826 4838.12463667        5100.0 5469.06070546 8782.51103045 10453.4982183 12455.5148428 10537.4819098 8882.30825856 6656.93998771 5627.92368463        5270.0  5630.5816751 5743.50285105 6132.14880772 6415.51821757   9646.266117 10162.2991985 11177.3587667 11722.9038212 10863.5468425 9266.79691155 6217.04511806        5895.0        7025.0 7297.34540775 10023.6283351 11515.9129035   12650.55232 12146.7423205 11219.7292748  10754.554849 7985.54155959   7759.719647 7456.39490639  7369.7659393        7650.0 7900.83065253 10471.1508441 11907.4818917 13714.4394709  12017.405086 10595.9850887 8789.81512889 8065.54554881        7820.0 8166.36087863 8244.62400598 8519.93245278 8726.10302483  11315.319262  11758.330026 12645.9222281 13130.5930559        8445.0 8672.86861425 11065.2846778 12433.1673358
 7177.26445103 5212.60491501         625.0 2071.53324859 8337.95232656 7713.43464353 6522.61067365 5898.41716056  1223.2534488 639.901554929  708.83707578 1298.77827207        1975.0             0 2201.64143311        5175.0        7150.0 9350.38635565 7152.02069348 5177.79151763         170.0 1982.30295364   1350.120365 799.030662741 738.562116548 1277.63414169  5909.9344328  6533.0276289 7722.24539885 8346.10382154 7194.06178734 5235.70912103         795.0 2129.00211367  2757.9430741        1925.0 5521.43550175 7404.60160981 8626.55487434 8024.52951892 6887.70281008 6299.78769484 2528.30951428 2303.36145665 2323.45647689 2565.70165842 3225.38757361        2550.0 3432.67024341 5769.15288409 7591.11322534 9714.20223178 7649.89542412 5846.28300718        2720.0 3361.40223716 3286.15656961 3100.71765887 3085.68857794 3257.04605433 6625.95842124 7187.24216929 8283.05945892 8867.55033817 7893.76494456 6161.95180117        3345.0 3884.53986979 4891.44661629        4475.0  6841.5093364 8434.93479524 9608.24900801 9071.60812646  8083.4058416 7588.69718726 4928.82835976 4817.30983019 4826.95038301  4948.1132768 5469.06070546        5100.0 7265.71572524 8782.51103045 10691.4323175 8882.30825856 7386.03581091 5632.42620902        5270.0 5627.92368463 5725.36680048 5620.98301011 5612.70647727 5708.70817261 8116.91597838  8581.2266023 9517.88180217  10030.675401 9266.79691155 7844.21124142        5895.0 6217.04511806 7297.34540775        7025.0 8725.32234362 10023.6283351 11100.6508368 10639.5523402 9810.57847428 9407.14223343 7429.62643745 7356.11813391 7362.43505914 7442.43407764 7900.83065253        7650.0  9235.9690883 10471.1508441 12134.7733807 10595.9850887 9377.26106067 8041.77996466        7820.0 8065.54554881 8232.00006074 8159.74570682 8154.04648012  8220.4226777 10043.4219766  10422.257433 11206.0730856 11644.7605815 8672.86861425        8445.0 9904.47626076 11065.2846778
 5000.65995645 3058.54949282  2311.7309532 4234.94096771 6145.03246533 5521.50785565  4333.5003173 3711.61689833 1093.76597131 1690.99053812 2863.07963564 3483.04464513 4175.86517982 2201.64143311             0   2976.214038 4950.72974419        7150.0 4950.72974419   2976.214038 2201.64143311 4175.86517982 3483.04464513 2863.07963564 1690.99053812 1093.76597131 3711.61689833  4333.5003173 5521.50785565 6145.03246533 5000.65995645 3058.54949282  2311.7309532 4234.94096771 4562.48013694 2868.03068324 3498.03158934 5280.91848072 6497.99384426 5911.81435771 4820.96722661 4270.66739515   2378.828283 2705.91001329 3558.05073039 4073.58564412 4848.38632949 3303.97109552        2550.0  3863.5281803 5529.80334189 7591.11322534 5607.64879428 3974.14770737 3432.67024341 4936.98794813 4546.87804983 4091.42090233 3376.67721288 3120.70889383 4724.25655527 5227.01874877 6247.36336385 6804.69867077 5927.06504098 4413.41421124 3932.88698032 5297.00151029 6058.27739543 4910.40731508  5303.0863655 6616.23760154 7726.02252132 7239.96194741 6380.37812359 5975.45814143 4808.98367641 4978.90038061 5488.82728823 5836.23166093 6525.40037086 5476.33317102 5831.02478129 7046.46897389 8782.51103045 7168.45345943 5977.86333066        5100.0 5632.42620902 6656.93998771 6497.81501737 6187.66716946 5740.16106046 5593.41791752 6623.14879797  6990.6526877 7783.12591444  8237.1975817 7632.73214518 6527.38270672 6212.57595527 7154.48984904 8099.02617603  7280.3571341 7550.77645014 8524.44133067  9495.4686035   9104.369775 8436.92627679 8135.02304852 7321.12177197 7433.83810693 7784.58251931 8033.31189485 8640.59315094 7878.40243958 8128.95134688 9040.55999372 10471.1508441 9183.28508759 8287.39102492        7650.0 8041.77996466 8789.81512889 8762.08308566  8534.6192065 8215.95697408 8114.11264403 8855.42771412 9133.54941958 9753.43780418 10119.4823978 9344.52914812 8644.62838993  8873.5688987 9715.55968537
 2071.53324859         625.0 5212.60491501 7177.26445103 3172.67615744 2551.51895937 1376.52642546  781.31299746 4005.40559744 4628.73081957 5818.53289069 6442.70517718        7150.0        5175.0   2976.214038             0        1975.0 4175.86517982 1982.30295364         170.0 5177.79151763 7152.02069348 6453.25111862 5830.20797228 4643.39843218 4022.34682741  863.97337922 1425.07017371 2578.03200135 3194.03725714 2129.00211367         795.0 5235.70912103 7194.06178734 7404.60160981 5521.43550175        1925.0  2757.9430741 3868.05816916 3377.31387348 2605.92114232  2346.5826216 4575.94514827 5130.41411584 6225.05622465 6812.08117979 7591.11322534 5769.15288409 3974.14770737        2550.0 3225.38757361 4936.98794813 3361.40223716        2720.0 5846.28300718 7649.89542412 7114.80498679 6554.94660543 5526.04279752 5015.50336457  3118.0843478 3317.65353827 3952.49908286 4379.25495947 3884.53986979        3345.0 6161.95180117 7893.76494456 8434.93479524  6841.5093364        4475.0 4891.44661629 5732.61493561  5413.6169979 4969.08693826 4838.12463667 6232.19656301 6649.97360897  7526.7738773 8019.06790095 8782.51103045 7265.71572524        5100.0 5469.06070546 6656.93998771 5627.92368463        5270.0 5977.86333066 7386.03581091 8882.30825856  8520.6484495 8059.05236365 7246.94066486 6865.58620949  5630.5816751 5743.50285105 6132.14880772 6415.51821757 6217.04511806        5895.0 7844.21124142 9266.79691155 10023.6283351 8725.32234362        7025.0 7297.34540775 7985.54155959   7759.719647 7456.39490639  7369.7659393 8351.42347148 8667.64956606 9357.26054997 9757.63547177 10471.1508441  9235.9690883        7650.0 7900.83065253 8789.81512889 8065.54554881        7820.0 8287.39102492 9377.26106067 10595.9850887 10372.4370328 9996.71571067 9354.36523768 9062.13407537 8166.36087863 8244.62400598 8519.93245278 8726.10302483 11065.2846778 9904.47626076        8445.0 8672.86861425
         625.0 2071.53324859 7177.26445103 9146.37906496  1223.2534488 639.901554929  708.83707578 1298.77827207 5976.30730468 6600.52073703 7791.37022609 8415.89715954        9125.0        7150.0 4950.72974419        1975.0             0 2201.64143311         170.0 1982.30295364 7152.02069348 9126.58342426  8423.9732312 7800.09294816 6610.81492707 5987.67475737   1350.120365 799.030662741 738.562116548 1277.63414169         795.0 2129.00211367 7194.06178734 9159.56603776 9325.83776398 7404.60160981  2757.9430741        1925.0 2528.30951428 2303.36145665 2323.45647689 2565.70165842 6372.77404275 6961.52813684 8099.47220503 8701.91501912 9474.60421337 7591.11322534 5607.64879428 3225.38757361        2550.0 3432.67024341        2720.0 3361.40223716 7649.89542412 9521.76585513 8940.87943102 8355.68369435 7258.02135571 6695.39013053 3286.15656961 3100.71765887 3085.68857794 3257.04605433        3345.0 3884.53986979 7893.76494456 9718.77821539 10163.2302936 8434.93479524 4891.44661629        4475.0 4928.82835976 4817.30983019 4826.95038301  4948.1132768 7649.39533558  8146.4025189  9137.9674983 9675.96636001 10453.4982183 8782.51103045 5469.06070546        5100.0 5632.42620902        5270.0 5627.92368463 7168.45345943 8882.30825856 10537.4819098 10095.5596675 9581.15076596 8640.59453973 8173.69249483 5725.36680048 5620.98301011 5612.70647727 5708.70817261        5895.0 6217.04511806 9266.79691155 10863.5468425 11515.9129035 10023.6283351 7297.34540775        7025.0 7429.62643745 7356.11813391 7362.43505914 7442.43407764 9456.17517816 9862.54906198 10696.1885735 11159.3156152 11907.4818917 10471.1508441 7900.83065253        7650.0 8041.77996466        7820.0 8065.54554881 9183.28508759 10595.9850887  12017.405086 11700.6976288 11259.8601235 10471.1925777 10089.3631613 8232.00006074 8159.74570682 8154.04648012  8220.4226777 12433.1673358 11065.2846778 8672.86861425        8445.0
  2311.7309532 4234.94096771 9376.91847037 11347.2342445 1093.76597131 1690.99053812 2863.07963564 3483.04464513  8177.7884541 8802.09344418 9993.00880616 10617.5373793 11325.3189801 9350.38635565        7150.0 4175.86517982 2201.64143311             0 2201.64143311 4175.86517982 9350.38635565 11325.3189801 10617.5373793 9993.00880616 8802.09344418  8177.7884541 3483.04464513 2863.07963564 1690.99053812 1093.76597131  2311.7309532 4234.94096771 9376.91847037 11347.2342445 11473.5009914 9529.32841285 4562.48013694 2868.03068324   2378.828283 2705.91001329 3558.05073039 4073.58564412 8446.22542915 9052.03562742  10213.849666 10825.6454773 11590.1617763   9669.473874 7591.11322534 4848.38632949 3303.97109552        2550.0 3432.67024341 4936.98794813 9714.20223178 11627.5040314 11012.4747446 10411.6629315 9274.66166499 8684.39543089 4546.87804983 4091.42090233 3376.67721288 3120.70889383 3932.88698032 5297.00151029 9902.02504541 11784.8727189  12146.099168  10329.307818 6058.27739543 4910.40731508 4808.98367641 4978.90038061 5488.82728823 5836.23166093 9423.70542833 9970.29834057 11035.8608636 11604.4000276 12385.7115258 10610.0294533 6525.40037086 5476.33317102        5100.0 5632.42620902 6656.93998771 8782.51103045 10691.4323175 12455.5148428 11950.8200555 11399.5712639 10371.4439207  9847.1429359 6497.81501737 6187.66716946 5740.16106046 5593.41791752 6212.57595527 7154.48984904 11008.1151884 12728.3826545 13282.2899005 11644.1444512 8099.02617603  7280.3571341 7321.12177197 7433.83810693 7784.58251931 8033.31189485 10921.4799363 11396.4621265 12339.4783115 12850.4708085 13619.2822865 12027.1245524 8640.59315094 7878.40243958        7650.0 8041.77996466 8789.81512889 10471.1508441 12134.7733807 13714.4394709 13318.2055848 12825.8615695 11921.3820088 11468.1613173 8762.08308566  8534.6192065 8215.95697408 8114.11264403 14076.4066793 12542.4120487 9344.52914812 8644.62838993
         795.0 2129.00211367 7194.06178734 9159.56603776 1277.63414169 738.562116548 799.030662741   1350.120365 5987.67475737 6610.81492707 7800.09294816  8423.9732312 9126.58342426 7152.02069348 4950.72974419 1982.30295364         170.0 2201.64143311             0        1975.0        7150.0        9125.0 8415.89715954 7791.37022609 6600.52073703 5976.30730468 1298.77827207  708.83707578 639.901554929  1223.2534488         625.0 2071.53324859 7177.26445103 9146.37906496 9292.23600647 7362.23641294 2642.09197418        1755.0 2379.35894728 2138.80200112  2160.4281983 2419.05456739 6315.16025133 6908.82580472  8054.2193911 8659.81091018 9430.27173522 7535.70832769 5529.80334189 3092.73746057        2380.0 3303.97109552        2550.0 3225.38757361 7591.11322534 9474.60421337 8884.61169664  8295.4475467 7188.59332554 6620.06412356 3129.82827005 2934.52721916 2918.64249267 3099.24974792        3175.0 3739.15097315 7823.24261416 9661.58630868 10089.5317037 8345.98855738 4736.41742248        4305.0 4763.96358089  4648.4915833 4658.48151225  4783.9131472 7544.21957528 8047.72477164 9050.10773417 9593.03523396 10371.6211365 8684.89493316 5310.88740231        4930.0 5476.33317102        5100.0 5469.06070546 7046.46897389 8782.51103045 10453.4982183 10002.5159335 9483.06121461 8531.69818969 8058.48925047 5559.66051122 5452.10509803 5443.57180535 5542.50385656        5725.0  6056.0919742 9159.59196689 10772.2444272 11413.0035486  9905.2271554 7133.83837776        6855.0 7261.84198396 7186.61770237 7193.08348346 7274.94501697 9324.92621955 9736.77944702 10580.3331706 11048.3177452 11798.9840664 10347.6035873 7736.34442098        7480.0 7878.40243958        7650.0 7900.83065253 9040.55999372 10471.1508441 11907.4818917 11583.1483199 11137.6590898 10339.6747531 9952.80106302 8064.04520077 7990.27221063 7984.45201626  8052.2263381 12318.3298381 10936.0927666 8507.42322916        8275.0
 2129.00211367         795.0 5235.70912103 7194.06178734 3194.03725714 2578.03200135 1425.07017371  863.97337922 4022.34682741 4643.39843218 5830.20797228 6453.25111862 7152.02069348 5177.79151763   2976.214038         170.0 1982.30295364 4175.86517982        1975.0             0        5175.0        7150.0 6442.70517718 5818.53289069 4628.73081957 4005.40559744  781.31299746 1376.52642546 2551.51895937 3172.67615744 2071.53324859         625.0 5212.60491501 7177.26445103 7362.23641294 5464.48991215        1755.0 2642.09197418 3772.38306644 3267.29995562 2461.67118032 2185.28030239 4495.36138703 5058.67067519 6166.06235778 6758.21352134 7535.70832769 5696.05345832  3863.5281803        2380.0 3092.73746057 4848.38632949 3225.38757361        2550.0 5769.15288409 7591.11322534 7043.96550247 6477.98772768 5434.53300662 4914.49631193 2952.87148383 3162.88238795   3823.512652 4263.19997185 3739.15097315        3175.0  6071.3466381 7823.24261416 8345.98855738 6731.54142823        4305.0 4736.41742248 5591.50015649 5263.95754162 4805.60350008 4670.05888614 6102.64483646 6528.71725533 7419.86017388 7918.80357125 8684.89493316 7147.41386797        4930.0 5310.88740231 6525.40037086 5469.06070546        5100.0 5831.02478129 7265.71572524 8782.51103045  8410.1991653 7942.18641181 7116.75129536 6728.02155169 5462.00054925 5578.33532517 5977.72941843 6268.08375822  6056.0919742        5725.0 7717.26959488 9159.59196689  9905.2271554  8589.0424379        6855.0 7133.83837776 7829.67904834 7599.22686857 7289.22663936 7200.58678164 8202.51632123 8524.26823839 9224.60432756 9630.49583355 10347.6035873 9095.65967921        7480.0 7736.34442098 8640.59315094 7900.83065253        7650.0 8128.95134688  9235.9690883 10471.1508441  10239.650873  9858.8703714 9206.90767848 8909.84141273 7997.02757279  8076.9316575 8357.76578997 8567.83951764 10936.0927666 9759.93083992        8275.0 8507.42322916
