             0        1150.0        2550.0        3700.0        5100.0        6250.0        7650.0        8800.0 9358.28664874 8203.81009044 6809.51753063 5655.52826887 4262.22113457 3110.06430802 1722.94196072  604.15229868 9339.76712772 9169.87731652 8191.84045255  7916.0318342 7997.08759487 6795.31088325 6629.45322029 5649.44687558 5454.61364351 5374.59393815 4257.49339401 4100.93282071 3119.49515146 2925.27092762 2848.50136036 1755.34896815 1640.32009071 742.462120246 588.778396343 605.483278052 1380.67012715 3794.89789059  6316.7436231 8854.73037421 10354.3004109 9800.87843002  8462.1768476 8004.37492875 7000.73831821 6714.74630943 6278.31482167 6253.84825527 6374.41801265 6476.17055056 6492.39940238 6838.37736601 6942.88016604 7146.76500243 8117.79557515 8214.09672453 8544.36949107  9901.4546911 9987.20105936 10389.4778502 10342.9323695 10220.6286499 10106.2480674 10045.4846075 8517.70215492 8429.48693575 8336.44108718 8285.78668564 7150.61186193 7117.32042274 7061.24988936 7028.63863063 6535.76697871 6575.04752835 6577.32848503 6569.19028496        7150.0 7241.89201797 7591.11322534 8050.62109405 8782.51103045 9496.57833117 10471.1508441 11338.5404704 11926.7107368 11045.3610172 10051.7873535 9310.34371009 8534.36752197 8023.09167341 7591.93183584 7420.41103983 7688.00104058 7664.15096407 7692.93507057 7855.65083236 8177.57054387 8181.06411172 8268.08623564 8761.06443305 9361.88869833  9387.5135153 9515.57933076 10237.4923687 11019.1769203 11060.1089506  11213.217647  12077.303093 12035.8485368 11827.7745159 10233.5062418 10069.3222215 8808.66902545 8711.55841397 7966.53312301 7962.17621006 15738.3206537 15381.7300067 14563.3662661 14304.2097999 13765.6651492 13624.5446896 13412.6968578 13403.3957638 13524.1970187  13626.081058 13680.1407157 13633.2773022 13748.9674158 13853.9844449 13984.3215781 13956.7635933 14428.0735027 14532.7452672 14730.2834324 14721.4554308 15501.9193973 15603.6369158 15855.7954704 15863.6770643 15798.9319259 15725.1788543 15683.4613845 14703.7835267 14650.6399178 14618.9418564 13992.8999853 13964.4638279 13944.9259948 13725.0227687 13726.1156195 13719.0911142
        1150.0             0        1400.0        2550.0        3950.0        5100.0        6500.0        7650.0 8208.74710294  7054.4312315 5660.43540728 4506.93909433  3114.8882805 1965.96032513 607.888970125         650.0 8191.84045255 8023.44377434 7044.59012292 6769.09595145 6849.78904785 5649.44687558  5486.6793236 4505.69084603 4310.91753575  4231.8270286 3119.49515146 2972.65033262 1995.30699392 1803.72115362 1732.35677619 742.462120246  758.05672611 816.241385866 1048.21753467 963.228944748 725.430906427 2675.11681988 5176.02646825 7709.16662163 9462.83451192 8945.48031131 7733.50741902 7341.62230028 6563.08136472 6386.09567733 6272.63397625 6377.30491666  6490.2700252 6585.69548339 6510.08832505 6510.66855246 6615.82836839 6741.01253522 7460.49629716 7561.21584138   7842.592046 9051.75148797 9142.19803986 9517.15556246 9478.46242805 9369.43167967 9263.16630532  9206.2077426 7828.23415593 7761.84578564 7683.17968031 7639.48695921 6762.11875081    6761.00954 6727.64817748  6706.2851863 6570.86371796 6670.55095176 6646.89777265 6677.70626787 7241.89201797        7150.0 7285.77380928 7591.11322534 8168.53720075 8782.51103045 9662.94468576 10471.1508441 11047.7341116 10220.6898006   9311.789785 8660.83136887 8023.18072836 7652.61393251 7418.78891734 7424.28447731  7736.7603039 7700.67594436 7700.40583346 7692.93507057 7858.73781214  7850.2235637 7912.72708995 8268.08623564  8755.9728186 8772.49166429 8884.32608587 9515.57933076 10226.4050379 10261.1992477 10404.6263748  11213.217647 11187.0751316 10996.4198719 9533.02942406 9395.81023648 8343.35963506 8285.30325335 7832.60173889 7875.03968244 15166.6883993 14851.3305128 14152.3968641 13944.1678848 13548.3296756 13465.6087126 13410.0386651  13461.441899 13579.1864631  13678.475244 13696.9430896 13641.7099368 13588.9478989 13693.0086175 13789.7153705 13753.4086684 14068.7492337 14173.9650416 14342.6374841 14325.5453648 14973.4733779 15076.7730301 15305.9220565 15306.5753845 15262.0853752 15197.0803117 15159.5996319  14331.477593 14289.0255091 14262.5720331 13815.0732897 13798.7771197 13785.2624567 13771.0293733 13759.5875665 13771.3819568
        2550.0        1400.0             0        1150.0        2550.0        3700.0        5100.0        6250.0 6809.51753063 5655.52826887 4262.22113457 3110.06430802 1722.94196072  604.15229868  880.64124364 2015.56443707 6795.31088325 6629.45322029 5649.44687558 5374.59393815 5454.61364351 4257.49339401 4100.93282071 3119.49515146 2925.27092762 2848.50136036 1755.34896815 1640.32009071 742.462120246 605.483278052 588.778396343  1020.4165816 1252.45758411 2091.94885215 2363.12504959 2276.18320879 1554.42915567 1380.67012715 3794.89789059  6316.7436231  8462.1768476 8004.37492875 7000.73831821 6714.74630943 6278.31482167 6253.84825527 6544.39737485 6792.52662858 6892.60509532 6977.31932765 6799.35658721 6374.41801265 6476.17055056 6492.39940238 6838.37736601 6942.88016604 7146.76500243 8117.79557515 8214.09672453 8544.36949107 8517.70215492 8429.48693575 8336.44108718 8285.78668564 7150.61186193 7117.32042274 7061.24988936 7028.63863063 6535.76697871 6577.32848503 6575.04752835 6569.19028496 6877.95391087 7043.17045087 6990.79752246  7064.8256171 7591.11322534 7285.77380928        7150.0 7241.89201797 7591.11322534 8050.62109405 8782.51103045 9496.57833117 10051.7873535 9310.34371009 8534.36752197 8023.09167341 7591.93183584 7420.41103983 7446.10159748 7665.50715869  8021.4125938 7972.05180615 7937.64763642 7724.71682329 7688.00104058 7664.15096407 7692.93507057 7855.65083236 8177.57054387 8181.06411172 8268.08623564 8761.06443305 9361.88869833  9387.5135153 9515.57933076 10237.4923687 10233.5062418 10069.3222215 8808.66902545 8711.55841397 7966.53312301 7962.17621006  7895.7995162 7994.13847766 14563.3662661 14304.2097999 13765.6651492 13624.5446896 13412.6968578 13403.3957638 13539.2886445 13663.0457073    13776.0192 13871.2755362 13846.8859315 13782.0988968 13524.1970187  13626.081058 13680.1407157 13633.2773022 13748.9674158 13853.9844449 13984.3215781 13956.7635933 14428.0735027 14532.7452672 14730.2834324 14721.4554308 14703.7835267 14650.6399178 14618.9418564 13992.8999853 13964.4638279 13944.9259948 13726.1156195 13725.0227687 13719.0911142 13955.3305228  13928.971606 13963.2002421
        3700.0        2550.0        1150.0             0        1400.0        2550.0        3950.0        5100.0 5660.43540728 4506.93909433  3114.8882805 1965.96032513 607.888970125         650.0 2010.35544121 3159.90506186 5649.44687558  5486.6793236 4505.69084603  4231.8270286 4310.91753575 3119.49515146 2972.65033262 1995.30699392 1803.72115362 1732.35677619 742.462120246  758.05672611 816.241385866 963.228944748 1048.21753467 2091.94885215 2306.00303556 3218.11280101 3493.05883145 3406.93557321 2627.02302997 725.430906427 2675.11681988 5176.02646825 7733.50741902 7341.62230028 6563.08136472 6386.09567733 6272.63397625 6377.30491666 6973.00774415 7318.66230947 7406.98352908 7481.88378685 7233.68854735  6490.2700252 6585.69548339 6510.08832505 6510.66855246 6615.82836839 6741.01253522 7460.49629716 7561.21584138   7842.592046 7828.23415593 7761.84578564 7683.17968031 7639.48695921 6762.11875081    6761.00954 6727.64817748  6706.2851863 6570.86371796 6646.89777265 6670.55095176 6677.70626787 7323.33598847 7532.34691182 7460.31165569 7564.01090692 8050.62109405 7591.11322534 7241.89201797        7150.0 7285.77380928 7591.11322534 8168.53720075 8782.51103045   9311.789785 8660.83136887 8023.18072836 7652.61393251 7418.78891734 7424.28447731 7662.27309615 8042.54313013 8423.78537238 8365.39359504 8305.79616894 7937.64763642  7736.7603039 7700.67594436 7700.40583346 7692.93507057 7858.73781214  7850.2235637 7912.72708995 8268.08623564  8755.9728186 8772.49166429 8884.32608587 9515.57933076 9533.02942406 9395.81023648 8343.35963506 8285.30325335 7832.60173889 7875.03968244 8129.73861818 8269.90024124 14152.3968641 13944.1678848 13548.3296756 13465.6087126 13410.0386651  13461.441899 13751.5830725 13932.0930947 14040.4453277  14131.804025 14073.4235352 14001.4731368 13579.1864631  13678.475244 13696.9430896 13641.7099368 13588.9478989 13693.0086175 13789.7153705 13753.4086684 14068.7492337 14173.9650416 14342.6374841 14325.5453648  14331.477593 14289.0255091 14262.5720331 13815.0732897 13798.7771197 13785.2624567 13759.5875665 13771.0293733 13771.3819568  14208.492179 14170.4357731 14222.2874742
        5100.0        3950.0        2550.0        1400.0             0        1150.0        2550.0        3700.0 4262.22113457 3110.06430802 1722.94196072  604.15229868  880.64124364 2015.56443707 3404.04597501 4556.86295603 4257.49339401 4100.93282071 3119.49515146 2848.50136036 2925.27092762 1755.34896815 1640.32009071 742.462120246 605.483278052 588.778396343  1020.4165816 1252.45758411 2091.94885215 2276.18320879 2363.12504959  3465.0036075 3667.64911081  4605.0244299  4881.2969588 4795.87426858 3991.39699855 1554.42915567 1380.67012715 3794.89789059 7000.73831821 6714.74630943 6278.31482167 6253.84825527 6544.39737485 6792.52662858 7697.14473035 8134.56931865 8209.00755268 8272.25392502 7957.15087201 6892.60509532 6977.31932765 6799.35658721 6374.41801265 6476.17055056 6492.39940238 6838.37736601 6942.88016604 7146.76500243 7150.61186193 7117.32042274 7061.24988936 7028.63863063 6535.76697871 6577.32848503 6575.04752835 6569.19028496 6877.95391087 6990.79752246 7043.17045087  7064.8256171 8056.13120549 8305.79616894 8215.00152161 8347.11093732 8782.51103045 8168.53720075 7591.11322534 7285.77380928        7150.0 7241.89201797 7591.11322534 8050.62109405 8534.36752197 8023.09167341 7591.93183584 7420.41103983 7446.10159748 7665.50715869  8139.8052188 8686.91544796 9087.67076868 9020.69897513 8935.11331769 8404.53746496  8021.4125938 7972.05180615 7937.64763642 7724.71682329 7688.00104058 7664.15096407 7692.93507057 7855.65083236 8177.57054387 8181.06411172 8268.08623564 8761.06443305 8808.66902545 8711.55841397 7966.53312301 7962.17621006  7895.7995162 7994.13847766 8615.48895885  8798.9345946 13765.6651492 13624.5446896 13412.6968578 13403.3957638 13539.2886445 13663.0457073 14132.5594639 14377.4691097 14479.5892552 14565.6954863 14468.2842798 14388.5805415    13776.0192 13871.2755362 13846.8859315 13782.0988968 13524.1970187  13626.081058 13680.1407157 13633.2773022 13748.9674158 13853.9844449 13984.3215781 13956.7635933 13992.8999853 13964.4638279 13944.9259948 13726.1156195 13725.0227687 13719.0911142  13928.971606 13955.3305228 13963.2002421 14633.2241833 14581.8808801 14653.7865755
        6250.0        5100.0        3700.0        2550.0        1150.0             0        1400.0        2550.0  3114.8882805 1965.96032513 607.888970125         650.0 2010.35544121 3159.90506186 4551.76108775 5705.47982207 3119.49515146 2972.65033262 1995.30699392 1732.35677619 1803.72115362 742.462120246  758.05672611 816.241385866 963.228944748 1048.21753467 2091.94885215 2306.00303556 3218.11280101 3406.93557321 3493.05883145  4605.0244299 4802.67113178  5749.0216559 6025.70825713 5940.67420416  5126.5241636 2627.02302997 725.430906427 2675.11681988 6563.08136472 6386.09567733 6272.63397625 6377.30491666 6973.00774415 7318.66230947 8420.49505671  8914.0685436 8978.20722639 9032.76175928 8676.18867937 7406.98352908 7481.88378685 7233.68854735  6490.2700252 6585.69548339 6510.08832505 6510.66855246 6615.82836839 6741.01253522 6762.11875081    6761.00954 6727.64817748  6706.2851863 6570.86371796 6646.89777265 6670.55095176 6677.70626787 7323.33598847 7460.31165569 7532.34691182 7564.01090692 8780.16229918 9054.34978339  8951.8852763 9101.74494259 9496.57833117 8782.51103045 8050.62109405 7591.11322534 7241.89201797        7150.0 7285.77380928 7591.11322534 8023.18072836 7652.61393251 7418.78891734 7424.28447731 7662.27309615 8042.54313013 8682.59344896 9340.77084613 9750.27486792   9678.027175 9575.03263702 8935.11331769 8423.78537238 8365.39359504 8305.79616894 7937.64763642  7736.7603039 7700.67594436 7700.40583346 7692.93507057 7858.73781214  7850.2235637 7912.72708995 8268.08623564 8343.35963506 8285.30325335 7832.60173889 7875.03968244 8129.73861818 8269.90024124 9156.45400797 9368.63117003 13548.3296756 13465.6087126 13410.0386651  13461.441899 13751.5830725 13932.0930947 14539.1862565 14832.4312909  14929.129412 15010.6657081 14883.5899567 14798.3529489 14040.4453277  14131.804025 14073.4235352 14001.4731368 13579.1864631  13678.475244 13696.9430896 13641.7099368 13588.9478989 13693.0086175 13789.7153705 13753.4086684 13815.0732897 13798.7771197 13785.2624567 13759.5875665 13771.0293733 13771.3819568 14170.4357731  14208.492179 14222.2874742 15070.7083443 15009.3720721 15096.3890053
        7650.0        6500.0        5100.0        3950.0        2550.0        1400.0             0        1150.0 1722.94196072  604.15229868  880.64124364 2015.56443707 3404.04597501 4556.86295603 5950.17050176 7104.40004504 1755.34896815 1640.32009071 742.462120246 588.778396343 605.483278052  1020.4165816 1252.45758411 2091.94885215 2276.18320879 2363.12504959  3465.0036075 3667.64911081  4605.0244299 4795.87426858  4881.2969588  5998.0205068 6191.90196951 7144.31592247 7421.23709364 7336.53937494 6515.46237807 3991.39699855 1554.42915567 1380.67012715 6278.31482167 6253.84825527 6544.39737485 6792.52662858 7697.14473035 8134.56931865 9416.36538161  9960.3723826 10013.6209735 10058.9455213 9664.69089004 8209.00755268 8272.25392502 7957.15087201 6892.60509532 6977.31932765 6799.35658721 6374.41801265 6476.17055056 6492.39940238 6535.76697871 6577.32848503 6575.04752835 6569.19028496 6877.95391087 6990.79752246 7043.17045087  7064.8256171 8056.13120549 8215.00152161 8305.79616894 8347.11093732  9772.4740982  10068.329057 9955.21220266 10121.3517378 10471.1508441 9662.94468576 8782.51103045 8168.53720075 7591.11322534 7285.77380928        7150.0 7241.89201797 7591.93183584 7420.41103983 7446.10159748 7665.50715869  8139.8052188 8686.91544796 9490.70223956 10255.2425617 10669.2764516 10592.3278839  10472.404213 9726.57442268 9087.67076868 9020.69897513 8935.11331769 8404.53746496  8021.4125938 7972.05180615 7937.64763642 7724.71682329 7688.00104058 7664.15096407 7692.93507057 7855.65083236 7966.53312301 7962.17621006  7895.7995162 7994.13847766 8615.48895885  8798.9345946 9955.63408327 10195.1581645 13412.6968578 13403.3957638 13539.2886445 13663.0457073 14132.5594639 14377.4691097 15137.7388338 15483.8437734 15573.8018801  15649.654469 15489.7143292 15398.7418317 14479.5892552 14565.6954863 14468.2842798 14388.5805415    13776.0192 13871.2755362 13846.8859315 13782.0988968 13524.1970187  13626.081058 13680.1407157 13633.2773022 13726.1156195 13725.0227687 13719.0911142  13928.971606 13955.3305228 13963.2002421 14581.8808801 14633.2241833 14653.7865755  15700.835965 15628.5395991 15732.1632651
        8800.0        7650.0        6250.0        5100.0        3700.0        2550.0        1150.0             0 607.888970125         650.0 2010.35544121 3159.90506186 4551.76108775 5705.47982207 7099.33299684 8253.78700961 742.462120246  758.05672611 816.241385866 1048.21753467 963.228944748 2091.94885215 2306.00303556 3218.11280101 3406.93557321 3493.05883145  4605.0244299 4802.67113178  5749.0216559 5940.67420416 6025.70825713 7144.31592247 7336.11954646 8291.63735338 8568.65567052 8484.16230396 7659.38966237  5126.5241636 2627.02302997 725.430906427 6272.63397625 6377.30491666 6973.00774415 7318.66230947 8420.49505671  8914.0685436 10304.9326538 10879.4953008 10925.1089239 10963.9402133 10546.6226822 8978.20722639 9032.76175928 8676.18867937 7406.98352908 7481.88378685 7233.68854735  6490.2700252 6585.69548339 6510.08832505 6570.86371796 6646.89777265 6670.55095176 6677.70626787 7323.33598847 7460.31165569 7532.34691182 7564.01090692 8780.16229918  8951.8852763 9054.34978339 9101.74494259 10656.2774926   10965.00114 10845.3330977 11021.5362359 11338.5404704 10471.1508441 9496.57833117 8782.51103045 8050.62109405 7591.11322534 7241.89201797        7150.0 7418.78891734 7424.28447731 7662.27309615 8042.54313013 8682.59344896 9340.77084613 10250.3379944 11082.5312993 11496.9804732 11417.2505447 11286.3302273  10472.404213 9750.27486792   9678.027175 9575.03263702 8935.11331769 8423.78537238 8365.39359504 8305.79616894 7937.64763642  7736.7603039 7700.67594436 7700.40583346 7692.93507057 7832.60173889 7875.03968244 8129.73861818 8269.90024124 9156.45400797 9368.63117003 10704.8423622 10961.5806342 13410.0386651  13461.441899 13751.5830725 13932.0930947 14539.1862565 14832.4312909 15705.8854255 16090.4884326  16174.940649 16246.1467739 16061.9503797 15967.0363562  14929.129412 15010.6657081 14883.5899567 14798.3529489 14040.4453277  14131.804025 14073.4235352 14001.4731368 13579.1864631  13678.475244 13696.9430896 13641.7099368 13759.5875665 13771.0293733 13771.3819568 14170.4357731  14208.492179 14222.2874742 15009.3720721 15070.7083443 15096.3890053 16290.3729239  16210.066317 16325.8525352
 9358.28664874 8208.74710294 6809.51753063 5660.43540728 4262.22113457  3114.8882805 1722.94196072 607.888970125             0  1155.0017316        2550.0 3705.00053981        5100.0 6255.00031974        7650.0 8805.00022714 278.619812648 475.845563182 1212.07631773 1484.80470096 1398.19776856 2594.82735457 2792.83529769 3740.27124685 3932.53823885  4017.1936722 5137.47301696 5327.14079033 6286.10602838 6479.17872882 6563.23433987 7684.99375406 7871.58999186 8834.34372209 9111.48972452  9027.7160456 8193.89583776 5650.17070539 3116.71766447 713.042074495 6100.80338972 6271.27491026  7023.3326847 7419.71623447 8627.83877921  9153.1682493 10609.2884776 11203.2936675 11243.4452015 11277.6587996 10845.7332163  9210.5787006  9259.4755791 8879.43855207 7500.63064015 7569.35849329 7284.49922781 6378.80553082 6469.73631611 6347.31667715 6416.35636479 6509.36471555 6546.24541245 6560.11173685 7379.37185674 7528.43469786 7610.77059173 7647.74908061 8985.85716557 9164.48738337 9273.58231753   9324.487439 10956.3282627 11272.9689523 11149.1402808 11331.7724121 11625.5592984  10721.922822 9692.55533902  8922.8150827 8108.18284204 7568.26459633 7109.47459381 6924.27822953        7150.0 7244.66210392 7591.11322534 8054.69608365 8782.51103045   9501.375111 10471.1508441 11343.6823386 11757.1912037 11675.8664347 11538.1640221 10683.7600591 9914.04786149 9839.00182945 9726.18779379 9026.47378548 8446.90150292 8383.97620464 8311.03056185 7862.36154091 7577.39698049 7535.32726562 7520.15485213 7427.06058949  7579.9095641 7645.39266487 8064.02684767 8225.41968534 9252.40665989 9479.87494643 10917.4415043 11184.0747941 13196.8406068 13278.6629221 13647.8570479 13858.0730623 14538.7895645 14858.4820557 15795.3728035  16202.092118 16283.1004419 16351.4063004 16153.1646745 16056.1056611 14951.8915191 15030.6615956 14887.2169662 14799.0887895 13963.6585464  14052.689707 13976.3632251 13900.8103721 13394.5309735 13492.2343591  13492.710217 13433.4295323 13563.5699209  13581.308074 13584.8395648  14081.048576 14125.2408475 14142.1662414 15019.5349129 15086.3490945 15114.8558048 16391.4132704 16306.4995937 16429.2990112
 8203.81009044  7054.4312315 5655.52826887 4506.93909433 3110.06430802 1965.96032513  604.15229868         650.0  1155.0017316             0 1395.00143369        2550.0 3945.00050697        5100.0 6495.00030793        7650.0 1158.12348219 1036.17083534  276.13402543 414.560007719  337.65366872 1451.29252737 1660.31623494 2589.64283252 2780.90093315 2866.10537141 3984.50122349 4176.67930299 5132.37274562 5325.20516037 5409.46023185 6530.79244809  6718.4559238 7679.92512984 7957.06981244 7873.19566631 7041.04040608 4500.13888675 1982.73800589 785.015923405  5999.2613712 6038.41187731 6496.77127503 6804.05893566 7837.72524397 8314.62675049 9677.64625309 10245.7707372 10293.0027203 10333.2514244 9921.00045358 8381.89149297 8439.12821327 8095.13742935 6897.19544453 6976.15115949 6755.83081493 6155.60760608  6254.5571386 6225.45179083 6277.43976474 6336.10684885 6346.75113739 6347.42160251  6841.1439102 6968.59024481 7032.86925799 7060.61335863 8197.63685461 8365.47966347 8464.41078871 8509.98008223 10030.2666964 10336.1622472 10217.9376588 10391.9324959 10716.8092266 9864.70982847 8918.09957334 8237.71813065 7564.39025963 7170.25104163 6921.88558126 6926.03782837 7240.71329359        7150.0 7282.85170795 7591.11322534 8164.36947964 8782.51103045  9658.1017286 10471.1508441 10885.7089801 10806.7020871 10678.7756789 9884.64718642 9189.44829682 9118.95882215 9021.98703169 8422.06922318 7962.30243083 7907.65515181 7858.83261051 7560.50593545 7440.13171926 7410.23683832 7425.04208742 7509.74367073 7633.71796702 7650.57187405 7743.16795633 7864.23867898 8639.71353692 8841.16790928 10116.2072932 10367.7987056 13149.1192481  13169.199596 13383.4314359 13537.3785498 14083.2573292 14356.1282385 15184.3681792 15554.4597463 15641.0231443 15714.0187412 15539.0234571 15445.5899855 14455.1653398  14538.678929 14424.1550879 14341.2429726 13647.9670647 13741.2148298 13698.7681928 13630.1595735 13288.6118538 13389.3160766 13426.1405475 13375.2102787 13480.2169864 13485.2233945 13482.3573977 13788.8088681 13821.4055002 13832.4423368 14544.8014768 14601.9262428 14625.4559245 15760.9089205 15683.6300007 15794.8238673
 6809.51753063 5660.43540728 4262.22113457  3114.8882805 1722.94196072 607.888970125  880.64124364 2010.35544121        2550.0 1395.00143369             0  1155.0017316        2550.0 3705.00053981        5100.0 6255.00031974 2535.17829748 2378.64015774 1397.72279083 1129.79865463 1204.18312561 278.619812648 475.845563182 1212.07631773 1398.19776856 1484.80470096 2594.82735457 2792.83529769 3740.27124685 3932.53823885  4017.1936722 5137.47301696 5327.14079033 6286.10602838 6563.23433987 6479.17872882 5650.17070539 3116.71766447 713.042074495 2075.55510647  6173.9292189 6050.66847547 6100.80338972 6271.27491026  7023.3326847 7419.71623447 8627.83877921  9153.1682493  9210.5787006  9259.4755791 8879.43855207 7500.63064015 7569.35849329 7284.49922781 6378.80553082 6469.73631611 6347.31667715 6174.45220242 6278.91614851 6365.36951009 6394.46080604 6408.69167615 6386.53497603 6370.79790921 6416.35636479 6509.36471555 6546.24541245 6560.11173685 7379.37185674 7528.43469786 7610.77059173 7647.74908061 8985.85716557 9273.58231753 9164.48738337   9324.487439 9692.55533902  8922.8150827 8108.18284204 7568.26459633 7109.47459381 6924.27822953 6953.53356215 7184.54097351 7591.11322534  7286.7776829        7150.0 7244.66210392 7591.11322534 8054.69608365 8782.51103045   9501.375111 9914.04786149 9839.00182945 9726.18779379 9026.47378548 8446.90150292 8383.97620464 8311.03056185 7862.36154091 7577.39698049 7535.32726562 7520.15485213 7427.06058949 7515.89948043 7501.75026244 7552.29958357  7842.8775969 7930.10271056 7889.96381487  7579.9095641 7645.39266487 8064.02684767 8225.41968534 9252.40665989 9479.87494643 13230.8050398 13175.9094183 13196.8406068 13278.6629221 13647.8570479 13858.0730623 14538.7895645 14858.4820557 14951.8915191 15030.6615956 14887.2169662 14799.0887895 13963.6585464  14052.689707 13976.3632251 13900.8103721 13394.5309735 13492.2343591  13492.710217 13433.4295323 13298.4269746 13401.7792849 13482.3117083 13441.9689406 13515.5439772 13505.0519806 13494.4383358 13563.5699209  13581.308074 13584.8395648  14081.048576 14125.2408475 14142.1662414 15086.3490945 15019.5349129 15114.8558048
 5655.52826887 4506.93909433 3110.06430802 1965.96032513  604.15229868         650.0 2015.56443707 3159.90506186 3705.00053981        2550.0  1155.0017316             0 1395.00143369        2550.0 3945.00050697        5100.0 3685.27475231 3520.74565966 2539.93110143 2265.86848692 2345.12473016 1158.12348219 1036.17083534  276.13402543  337.65366872 414.560007719 1451.29252737 1660.31623494 2589.64283252 2780.90093315 2866.10537141 3984.50122349 4176.67930299 5132.37274562 5409.46023185 5325.20516037 4500.13888675 1982.73800589 785.015923405  3210.3348735 6540.58384244 6295.60306881  5999.2613712 6038.41187731 6496.77127503 6804.05893566 7837.72524397 8314.62675049 8381.89149297 8439.12821327 8095.13742935 6897.19544453 6976.15115949 6755.83081493 6155.60760608  6254.5571386 6225.45179083 6420.02375385 6525.12720183 6698.97380201 6709.41502666 6688.51627792 6641.25364671 6613.03719935 6277.43976474 6336.10684885 6346.75113739 6347.42160251  6841.1439102 6968.59024481 7032.86925799 7060.61335863 8197.63685461 8464.41078871 8365.47966347 8509.98008223 8918.09957334 8237.71813065 7564.39025963 7170.25104163 6921.88558126 6926.03782837 7184.01002226 7585.01812786 8051.14457702 7591.11322534 7240.71329359        7150.0 7282.85170795 7591.11322534 8164.36947964 8782.51103045 9189.44829682 9118.95882215 9021.98703169 8422.06922318 7962.30243083 7907.65515181 7858.83261051 7560.50593545 7440.13171926 7410.23683832 7425.04208742 7509.74367073 7766.45736485 7765.12781608   7842.592046 8284.69975316  8342.4007336 8259.61560849 7633.71796702 7650.57187405 7743.16795633 7864.23867898 8639.71353692 8841.16790928 13404.7542685 13289.0939496 13149.1192481  13169.199596 13383.4314359 13537.3785498 14083.2573292 14356.1282385 14455.1653398  14538.678929 14424.1550879 14341.2429726 13647.9670647 13741.2148298 13698.7681928 13630.1595735 13288.6118538 13389.3160766 13426.1405475 13375.2102787 13413.1429948 13517.8247141 13633.4606759 13602.0678575 13649.4047489 13626.3072767 13609.4254471 13480.2169864 13485.2233945 13482.3573977 13788.8088681 13821.4055002 13832.4423368 14601.9262428 14544.8014768 14625.4559245
 4262.22113457  3114.8882805 1722.94196072 607.888970125  880.64124364 2010.35544121 3404.04597501 4551.76108775        5100.0 3945.00050697        2550.0 1395.00143369             0  1155.0017316        2550.0 3705.00053981  5077.5613241 4908.60764372 3929.77467547 3654.20921678 3734.99089691 2535.17829748 2378.64015774 1397.72279083 1204.18312561 1129.79865463 278.619812648 475.845563182 1212.07631773 1398.19776856 1484.80470096 2594.82735457 2792.83529769 3740.27124685  4017.1936722 3932.53823885 3116.71766447 713.042074495 2075.55510647 4594.82632969 7212.48930675 6848.15953377  6173.9292189 6050.66847547 6100.80338972 6271.27491026  7023.3326847 7419.71623447 7500.63064015 7569.35849329 7284.49922781 6378.80553082 6469.73631611 6347.31667715 6174.45220242 6278.91614851 6365.36951009 6968.75598654 7070.86189937 7331.60480386  7322.1328177 7264.69744724 7192.17136893 7151.50795287 6394.46080604 6408.69167615 6386.53497603 6370.79790921 6416.35636479 6509.36471555 6546.24541245 6560.11173685 7379.37185674 7610.77059173 7528.43469786 7647.74908061 8108.18284204 7568.26459633 7109.47459381 6924.27822953 6953.53356215 7184.54097351 7691.78971371 8264.05644947 8782.51103045 8167.87175462 7591.11322534  7286.7776829        7150.0 7244.66210392 7591.11322534 8054.69608365 8446.90150292 8383.97620464 8311.03056185 7862.36154091 7577.39698049 7535.32726562 7520.15485213 7427.06058949 7515.89948043 7501.75026244 7552.29958357  7842.8775969 8280.43145011 8293.15121049 8398.01934982 8992.50960522 9017.92819887 8891.34573616 7930.10271056 7889.96381487  7579.9095641 7645.39266487 8064.02684767 8225.41968534  13746.155899 13560.6522336 13230.8050398 13175.9094183 13196.8406068 13278.6629221 13647.8570479 13858.0730623 13963.6585464  14052.689707 13976.3632251 13900.8103721 13394.5309735 13492.2343591  13492.710217 13433.4295323 13298.4269746 13401.7792849 13482.3117083 13441.9689406 13685.3154878 13790.5760576 13946.2263355 13925.5530949 13941.8230157 13904.1694826 13880.0888326 13515.5439772 13505.0519806 13494.4383358 13563.5699209  13581.308074 13584.8395648 14125.2408475  14081.048576 14142.1662414
 3110.06430802 1965.96032513  604.15229868         650.0 2015.56443707 3159.90506186 4556.86295603 5705.47982207 6255.00031974        5100.0 3705.00053981        2550.0  1155.0017316             0 1395.00143369        2550.0 6231.07133646 6059.92161665 5082.44527762 4806.39781957 4887.76124621 3685.27475231 3520.74565966 2539.93110143 2345.12473016 2265.86848692 1158.12348219 1036.17083534  276.13402543  337.65366872 414.560007719 1451.29252737 1660.31623494 2589.64283252 2866.10537141 2780.90093315 1982.73800589 785.015923405  3210.3348735 5744.67144404   7910.267821 7470.73075408 6540.58384244 6295.60306881  5999.2613712 6038.41187731 6496.77127503 6804.05893566 6897.19544453 6976.15115949 6755.83081493 6155.60760608  6254.5571386 6225.45179083 6420.02375385 6525.12720183 6698.97380201 7585.96763768 7683.75461607 8000.07812462 7976.91983161 7895.01424951 7806.16743351 7757.56153698 6709.41502666 6688.51627792 6641.25364671 6613.03719935 6277.43976474 6336.10684885 6346.75113739 6347.42160251  6841.1439102 7032.86925799 6968.59024481 7060.61335863 7564.39025963 7170.25104163 6921.88558126 6926.03782837 7184.01002226 7585.01812786 8265.13762741 8949.86033411 9498.36454344 8782.51103045 8051.14457702 7591.11322534 7240.71329359        7150.0 7282.85170795 7591.11322534 7962.30243083 7907.65515181 7858.83261051 7560.50593545 7440.13171926 7410.23683832 7425.04208742 7509.74367073 7766.45736485 7765.12781608   7842.592046 8284.69975316 8847.89014398 8870.61497304 8993.67833536 9689.23371583 9691.36987221 9535.00131096  8342.4007336 8259.61560849 7633.71796702 7650.57187405 7743.16795633 7864.23867898 14123.7578923 13884.4235746 13404.7542685 13289.0939496 13149.1192481  13169.199596 13383.4314359 13537.3785498 13647.9670647 13741.2148298 13698.7681928 13630.1595735 13288.6118538 13389.3160766 13426.1405475 13375.2102787 13413.1429948 13517.8247141 13633.4606759 13602.0678575 14008.6617848 14113.6240916 14299.8688805 14287.8007405 14279.3994972 14230.4690717 14200.8436721 13649.4047489 13626.3072767 13609.4254471 13480.2169864 13485.2233945 13482.3573977 13821.4055002 13788.8088681 13832.4423368
 1722.94196072 607.888970125  880.64124364 2010.35544121 3404.04597501 4551.76108775 5950.17050176 7099.33299684        7650.0 6495.00030793        5100.0 3945.00050697        2550.0 1395.00143369             0  1155.0017316 7625.03304911 7452.24321933 6475.92688347 6199.60039035 6281.34197445  5077.5613241 4908.60764372 3929.77467547 3734.99089691 3654.20921678 2535.17829748 2378.64015774 1397.72279083 1204.18312561 1129.79865463 278.619812648 475.845563182 1212.07631773 1484.80470096 1398.19776856 713.042074495 2075.55510647 4594.82632969 7135.96027175 8884.12077811 8377.88690542 7212.48930675 6848.15953377  6173.9292189 6050.66847547 6100.80338972 6271.27491026 6378.80553082 6469.73631611 6347.31667715 6174.45220242 6278.91614851 6365.36951009 6968.75598654 7070.86189937 7331.60480386 8485.76808545 8577.55139886   8943.820716 8907.47601737 8802.57513458 8698.95562697 8643.26709063  7322.1328177 7264.69744724 7192.17136893 7151.50795287 6394.46080604 6408.69167615 6386.53497603 6370.79790921 6416.35636479 6546.24541245 6509.36471555 6560.11173685 7109.47459381 6924.27822953 6953.53356215 7184.54097351 7691.78971371 8264.05644947 9109.37039537 9898.31445247 10471.1508441 9661.06251921 8782.51103045 8167.87175462 7591.11322534  7286.7776829        7150.0 7244.66210392 7577.39698049 7535.32726562 7520.15485213 7427.06058949 7515.89948043 7501.75026244 7552.29958357  7842.8775969 8280.43145011 8293.15121049 8398.01934982 8992.50960522 9677.15583216 9709.86390224 9849.93548202 10640.7109255 10619.0644126 10433.8645285 9017.92819887 8891.34573616 7930.10271056 7889.96381487  7579.9095641 7645.39266487 14692.3245948 14393.8524725  13746.155899 13560.6522336 13230.8050398 13175.9094183 13196.8406068 13278.6629221 13394.5309735 13492.2343591  13492.710217 13433.4295323 13298.4269746 13401.7792849 13482.3117083 13441.9689406 13685.3154878 13790.5760576 13946.2263355 13925.5530949  14516.630463 14620.4407594  14840.038039 14837.8074189 14801.4840134 14740.0959631  14704.382544 13941.8230157 13904.1694826 13880.0888326 13515.5439772 13505.0519806 13494.4383358  13581.308074 13563.5699209 13584.8395648
  604.15229868         650.0 2015.56443707 3159.90506186 4556.86295603 5705.47982207 7104.40004504 8253.78700961 8805.00022714        7650.0 6255.00031974        5100.0 3705.00053981        2550.0  1155.0017316             0 8779.30805929 8605.50114752 7629.95740486 7353.48624803 7435.44282474 6231.07133646 6059.92161665 5082.44527762 4887.76124621 4806.39781957 3685.27475231 3520.74565966 2539.93110143 2345.12473016 2265.86848692 1158.12348219 1036.17083534  276.13402543 414.560007719  337.65366872 785.015923405  3210.3348735 5744.67144404 8288.62171896 9765.77887319 9219.22003209   7910.267821 7470.73075408 6540.58384244 6295.60306881  5999.2613712 6038.41187731 6155.60760608  6254.5571386 6225.45179083 6420.02375385 6525.12720183 6698.97380201 7585.96763768 7683.75461607 8000.07812462 9321.05707525  9407.8629348 9804.65450692  9759.6746872 9640.08558053 9527.39471209 9467.43159468 7976.91983161 7895.01424951 7806.16743351 7757.56153698 6709.41502666 6688.51627792 6641.25364671 6613.03719935 6277.43976474 6346.75113739 6336.10684885 6347.42160251 6921.88558126 6926.03782837 7184.01002226 7585.01812786 8265.13762741 8949.86033411 9900.50503762 10755.1150621 11341.1608312 10471.1508441 9498.36454344 8782.51103045 8051.14457702 7591.11322534 7240.71329359        7150.0 7440.13171926 7410.23683832 7425.04208742 7509.74367073 7766.45736485 7765.12781608   7842.592046 8284.69975316 8847.89014398 8870.61497304 8993.67833536 9689.23371583 10452.6293343 10492.0641439 10642.8966922  11494.835797 11456.6421782 11252.3886353 9691.36987221 9535.00131096  8342.4007336 8259.61560849 7633.71796702 7650.57187405 15240.6901747 14898.3025208 14123.7578923 13884.4235746 13404.7542685 13289.0939496 13149.1192481  13169.199596 13288.6118538 13389.3160766 13426.1405475 13375.2102787 13413.1429948 13517.8247141 13633.4606759 13602.0678575 14008.6617848 14113.6240916 14299.8688805 14287.8007405 15019.2478174 15121.5801092 15365.7492495 15371.1173959  15313.433645 15242.7441755 15202.5149564 14279.3994972 14230.4690717 14200.8436721 13649.4047489 13626.3072767 13609.4254471 13485.2233945 13480.2169864 13482.3573977
 9339.76712772 8191.84045255 6795.31088325 5649.44687558 4257.49339401 3119.49515146 1755.34896815 742.462120246 278.619812648 1158.12348219 2535.17829748 3685.27475231  5077.5613241 6231.07133646 7625.03304911 8779.30805929             0 234.307490277        1150.0 1427.02838094 1344.12053031        2550.0 2734.11777362        3700.0 3894.04160224 3977.01018354        5100.0 5282.13025209        6250.0 6444.02513962 6527.00620499        7650.0 7831.43664981        8800.0 9077.00446183 8994.01801199 8152.45361839 5603.57029045 3056.55034312 538.516480713 5822.96634028 5997.60518874  6772.0998959 7179.24564282 8415.50574832 8950.80264557 10430.0113615 11031.6439391 11069.4717579 11101.7469346 10664.1924214 9005.88168921 9052.84955138  8665.5928822 7258.34726367 7325.59792781 7033.13585821 6104.61341937 6195.13397757 6069.80230321 6139.21819127  6233.1773599 6270.96483805 6285.34493882 7128.99011081 7280.45328259 7364.95078056 7403.07780589 8772.68487978 8953.35132785 9064.49116057 9116.49938299 10775.0870066 11094.7059447 10969.2752723 11154.3964875 11438.8045704 10522.4165475 9475.82450239 8690.87164788 7857.56005386 7303.85172358 6833.46544588 6645.76933094 6873.06547328 6966.43739655 7320.41863557 7795.59170301 8540.66911899 9274.49459539 10261.7020518 11147.4772931   11560.41565 11478.5652414 11338.5404704 10471.1508441 9687.77631864 9612.00083229 9496.57833117 8782.51103045 8189.49387936 8125.80211425 8050.62109405 7591.11322534 7299.83629953  7257.5312607 7241.89201797        7150.0 7302.21884087 7366.98717251 7793.77315554 7957.70067293 9009.35069802 9240.26514771 10705.0875755 10974.7437328 12918.3062744 13000.1603067 13372.9965602 13585.8186356 14275.7289481 14599.6495848  15548.660296  15960.265286 16040.4614959  16108.090669 15906.7595694 15809.2536193 14692.4846435  14770.778077 14624.7222196 14536.1618043 13691.1213931 13779.9196297 13702.0071522 13626.1696746 13116.0018679 13213.6855192 13214.1023153 13154.8470155 13284.9538953 13302.7252847 13306.2865218 13807.3350072 13852.0756567 13869.2920151 14758.0486515 14825.7377557 14854.7050122  16147.135969 16061.2110378  16185.557173
 9169.87731652 8023.44377434 6629.45322029  5486.6793236 4100.93282071 2972.65033262 1640.32009071  758.05672611 475.845563182 1036.17083534 2378.64015774 3520.74565966 4908.60764372 6059.92161665 7452.24321933 8605.50114752 234.307490277             0 981.529418815 1254.94621399  1176.0612229 2374.74209126        2550.0 3523.19457311 3717.79773522 3799.61708597 4922.28605426        5100.0  6071.8530944 6266.25246858 6348.56597981 7471.50587231        7650.0 8621.30500562 8898.11721658 8815.60094378  7970.1568366  5420.2306224 2870.43550703 323.882694814 5644.44833443 5802.38640561 6549.51883729 6951.25801564 8181.54001396 8716.49516721 10197.2543854 10799.9809259  10837.440888 10869.4279978 10431.1504639 8771.59193077 8818.60334747  8431.7495219 7031.11122085 7099.01859414 6810.64607802  5910.7719462 6002.44658452 5889.00670742 5956.24881952 6045.85808633 6080.37005453 6093.13228151 6905.89603165 7055.98327662 7139.35571323 7176.92559527  8538.7879702 8719.31189946 8830.33974431 8882.30043401 10542.0775941 10862.0624193 10736.4286427 10921.8707647 11205.2063792 10288.1315116  9242.2751528 8460.12115752 7634.63489631 7092.71809675 6645.34799691 6484.18460564 6726.27898619 6791.07134405 7118.59038012 7578.96101059 8313.29230811 9042.54665457 10027.5784215 10913.2786091 11326.1948597 11244.3283481 11104.2514381 10237.2310709  9455.7120303 9380.08635355 9265.25229014 8556.07386597 7971.40451865 7908.35760446 7835.20261384 7390.32475606 7119.06524763 7078.36280506 7066.88757516 7002.31390328        7150.0 7207.10760292 7591.11322534 7750.92897658 8782.51103045 9012.01420327 10471.1508441 10740.6191628 12755.0185025 12827.9222012 13180.5499506 13386.8550452 14063.0116618  14382.808766 15323.6646074 15733.0063243 15813.5487794 15881.4755297  15681.610249 15584.3318753 14476.1536673   14554.88114 14411.3982666  14323.299201 13492.7656542 13582.0788173 13508.1049744 13433.0711306  12944.320183 13042.4754169  13048.156958 12990.1077748 13116.5887334 13132.5321245 13135.1802805  13611.737582 13655.1418887 13671.6846438 14543.6893531 14610.5236046 14639.0560146 15920.9578858 15835.5107275 15959.1340931
