             0 1134.34650195 421.266541024 359.286889665 521.000255495 626.739127942 698.352237771 55.3599209627  498.51398622 547.181795809 588.565972731 324.644573335  232.41832662 278.489541154 129.557498247 758.896093019 735.848263903  87.729365648 834.183051291 516.249027642 256.838928331 551.191062025  1050.0763724 759.249816274 824.882886129 512.181422796 655.663192834 803.318784908 913.744151481 445.745158174 878.277241505 390.559974314 519.918957859 657.464195097 957.109515666 501.685788479 817.369324336 798.085738809 846.637243559  767.66449207 600.976276191 734.051241863 791.171563581 866.366654078 786.770715608 752.711971139 546.322840106 377.327786223 259.852449609 748.863386447 240.930327758 694.225337112  591.02101642 824.768662766 866.097192009 746.293684929 573.784646774  969.54619284 814.263481416 21.6600128578 565.796889643 93.6994568661 159.074904382  370.17465653  315.24228207 837.975523848 182.557333999 213.772947624 102.919035329 840.563501257 130.722401313 784.225426281 756.084155354 525.977056356 281.367887311 874.390778113 821.209471264 478.166227621 585.755101723 374.688449613 402.810693737   287.7102708 244.289978235 929.584574705 294.621403169 172.541642849  172.49979484 925.202217172 1149.57883947  219.38814207 311.409183752 668.949182394 864.601127578 693.867844236 795.052621922 886.385709154 166.294520935 766.443896206 543.595880488 820.047152345
 1134.34650195             0 807.310924073 953.374106939 759.317978349 603.325391526 752.501685313 1099.05328368 1007.99805759 758.975371245 641.474355751 1073.36765693 928.148643732 1088.23361075 1047.74241548 378.429370664 924.219472795 1207.90738582  730.58261391 915.334709035 997.219891187 824.578205172  87.397863136 872.840535526 870.433745614 967.249204867 763.163667344  611.94975377 371.743137145 952.720482929 273.558446965 970.967315208 799.426992728 725.391203907 317.190185201 642.298220439 640.465904289 890.792670837 541.593040062 725.277055084 817.211605925 809.636321315 842.267492182 341.857623162 354.966497723 759.816939463 600.732499942 1005.51911375 965.339526258 763.139356551 1014.72243975 471.724613155 599.960214819 827.530087734 645.157090002 736.404284081 560.719823946 307.550949253 497.924246263 1118.51115289 715.847870121 1158.52228079 1025.74501028 765.369059604 948.675410013 352.675059727 987.618319062 1123.53071558 1038.20600925 972.392498907 1208.12502226 953.976653772 788.017078574 929.844785616 981.142329875 368.768107855  538.18683789 914.731599764 646.334116631 932.123081969 865.452235218 1011.53558837 1045.16460855 237.063249812 1049.21972106  1022.8800898 1145.95427001 251.130932124 108.175032273 994.104968668  862.66963537 793.558682247 533.280011661  487.43758507 509.221145025 529.303000336 1018.09503853 414.907943979 643.113434026 414.458061641
 421.266541024 807.310924073             0 147.242187491 517.473500601 222.325119528 695.834373174 416.295565757 256.051645535  129.80377263  493.56355107 266.276002017 192.832122586 282.378827227  297.05379804 439.725169653 382.452626385 463.943972097  421.66085661 191.724729832 201.129200943 601.167027068 733.544448705  815.62734382 869.099753383 230.460446847 247.107980326 382.085805154 709.975340249 596.722112872 534.020210794 172.408479635 114.505556009 638.985244227  732.26388199 326.082489932 396.539289818 425.382391008 724.805377049    745.489101 643.892535814 760.702878418 827.055585226 635.289805687 511.086364561 345.321793477   227.3250041 577.894399791 176.659956578 342.169219494 472.623509079 479.519997258 208.320560982 431.729990755 795.764627896 334.283948638  316.20625348 581.938612436 403.340575655 415.974761188 532.220955938 400.514927663 267.860877819 246.540261509 475.353829223 467.405959887 238.885178203 543.030785387 366.555960657 491.541234987 541.369694162 436.464079076 355.166660355 210.555194362 180.401246925 486.153597437 404.000383902 162.286492787 177.102616412 516.696917766 483.354331956 206.644065064 503.261361815 576.538142894 242.547887909 257.945637841 360.066722931 566.857669404 794.648924126 431.301712968 362.303498709 269.637351272 446.348725178 322.129834186 383.988115354 758.736611239 259.778814404 397.460910362 164.236927547 621.739788697
 359.286889665 953.374106939 147.242187491             0  608.67858361 359.082657855 795.626997117 373.686933197 161.610171388 224.819655529 607.083194722 120.385133372 184.887690764 144.794132979 230.828254841 586.957413008 377.374856028 376.101722402 487.409861357 157.078452787 102.484154253 682.716267204 880.425520654 903.942753859 962.017191018 160.638857927 311.225673549 482.598638598 850.176155281 647.947874691 679.857581336 42.3730852901 186.725899832 740.626693878 875.187557865 447.635492794 488.296147058 438.801690659 851.990180035 851.695344039 729.594551823 855.207468619 921.074918929 777.934747247 656.717264178  403.52212561 372.211965525  611.88884512 106.795102158 399.282775899 485.632967488 617.147219568 353.461296983 467.709329171 914.093645147 401.330191879   455.2682336  717.68701584 527.890711406 361.516892798 632.463751297 309.216303639 202.712127957 338.828923659 512.660403484 609.925149527 193.816463537 529.154756599 340.915789356 483.780199996 489.339058094 427.049575137 402.948514127 167.861016231 78.0228916729 623.118837708 519.732700078 118.895585873 313.561187562  564.36747604 546.976260861  80.098492876 510.781002394 721.019123203 103.980829156 188.108011738 247.244937277 710.605983038 937.316232009 444.450196726 417.811593963 317.585447982 558.676982462 466.713325137 508.954374545 887.659907889  196.75383209 541.305664154 310.937728642 759.917985017
 521.000255495 759.317978349 517.473500601  608.67858361             0 548.165226702 189.919062766 467.874796565 760.909539725 608.426715729 118.181683018 680.760674535 445.944735353 659.747464179 513.265514316 462.594342363 887.842404699 608.728182181 852.153152947 708.746246498 564.204357473 92.9599991932 672.808399595 298.258664942 353.782915914 743.127134389 717.587720801 751.493604447 442.285567566 193.409414787 579.151746872 649.891758275 617.345194423 139.968485953 496.505655168 225.840279879 782.855921887 916.085552103 334.957920944  253.57336474 127.567937057 246.533538908 312.508440106 427.134986642 420.453851936 801.041498672 390.213956984 251.462573471 532.044450859 799.859159868 308.256473504 294.780628973 489.199066704 900.713768917  345.16412043 780.440524989 314.185704863 732.425147567 684.955825538 499.605965218 50.0206626505 592.517580554 511.543629844 273.226640431 226.230878982 597.781106602 481.711750678 409.407568796 421.814560589 992.977006556 532.315300767 941.339017623 821.598533214 727.343881163 568.671593259 661.491612939 720.281027173 676.573518049 539.990923053 186.758133434 128.014259163 603.056860432 328.927373173  631.86381547 640.597913322 520.187018432 632.508169441 637.874087019 815.510822316 309.792350817 218.321319676 750.954300315 760.427617334 513.004127711 671.815517437 374.384561436 508.320929655 548.360712752 471.128969275 360.697803044
 626.739127942 603.325391526 222.325119528 359.082657855 548.165226702             0 691.201198133 611.530994271 406.526111461  156.74015007 477.184403352 479.083091951   394.6270902 501.353781549  510.29374978 267.065810341 390.021144855 679.105080648 304.578907162 314.945343401 423.423336878 640.922151298 537.148710863 826.994102295 868.514927034 366.920090319 202.806454532 208.620042597 583.210752645 685.673583242 331.822293272 371.044663798 196.398145531 634.870265904 590.123039765 322.360367286 237.030853696 394.266980724 647.036252938 722.951499537 672.069389514 762.854435506 826.360385485 499.388346315 361.303337567 263.005739544 157.974649928 691.437768983 397.727275128 262.939475336 619.185010999 383.716753532 58.9908767607 363.180298543 739.861959485  239.65192795 247.355067078 359.957186128 187.669132776 617.878776857 542.296706231 618.021297271 482.448195566 336.278125664 594.680926373 253.148712343 449.211113498 709.411023116 554.904545395 479.277846381 736.487282622 437.252694589 287.855362335 330.840311731 402.596306686 264.562784779 200.544790174 311.602721888 45.6527934414 618.219263275  566.03409831 427.261438729 652.591408576  367.15487718 460.730666924 474.405678958 582.095615913 355.124598564   579.4533006 581.912220124 475.191225637  239.74630028 244.969778661 121.302524854 168.577492602 673.412542864 474.245493442 188.621122288 91.1645451094 509.640538266
 698.352237771 752.501685313 695.834373174 795.626997117 189.919062766 691.201198133             0 643.731884872 944.785153063 774.776238759 214.274901566 870.472577592 635.786299724 849.656837169  701.05094026  539.80843328 1054.44338371 785.639909107 994.112726069 887.498546746  753.97935591 150.597371796 672.340497471 140.154816803 177.678423386 924.671535741 876.579031639 882.400683641 389.141838812 290.863486105 635.924899844 836.312060131 788.694155255 57.4192261355 447.504553152 379.982773854 916.107627108 1075.83627048 231.026139323 70.7966154827 106.128433895 72.5475443336 135.315476299 412.359334811  465.81011188 952.475872849 536.853425394  369.18827581 721.601255309 951.910469896 468.968184376 352.592566048 633.916314005  1052.9670246 185.725211928 930.058376665 444.212187958 801.223465419 798.702537119 676.710854387 163.966434596 775.225084946 700.507494358 457.428695804 387.212584637 679.909551943 671.311131209  556.19619488 602.917128668 1156.25801386 690.928050719 1106.99371303 975.453535022 906.375692475   758.0290383 747.503140446 839.702927058 857.196470252 691.894399117 332.708335489 295.554807772 792.614233365 481.596953346 682.628042865 830.374500912 709.500408889 819.611198764  693.19627323 829.165511322 480.461552111 406.029257445 911.688795492 875.592682182 630.127613057 788.749715452 262.222949651 697.511385757 646.364781875 625.647562569 339.871032042
 55.3599209627 1099.05328368 416.295565757 373.686933197 467.874796565 611.530994271 643.731884872             0 521.765622104 545.007428443 539.126183052 355.791115472 223.526396531 311.932148688 145.152090708 726.310968642  750.80808733 141.912478563 835.390002675 530.213958885 273.194994473 496.173122187 1013.93568737 703.898047434 769.524626264 531.402497971 657.631967692 796.139313418 867.513194276 390.714359529 847.601637447 408.606577736 521.132033836 603.514517119 912.200075867 461.254537622 812.387483839 810.177413201 795.667169521 713.233468446 545.873576822 678.833014534 735.829493107 822.838620043  748.60325534 755.666924874 519.340008536 323.258887206 269.008386577 752.038934548  185.89938775 651.702992095 571.836543433 832.428308457 812.716536967 747.451759495 538.593548878 946.169594625 799.078083284 33.9390994577 513.367360436 144.924196358 171.362720511 333.733828016 259.928731082 812.196909246 184.177252808  169.63155784 61.0244675028 857.456864484 125.576307808 800.736383688 761.123282228  541.54746062 296.159695328 851.932941784 809.143677788 491.354678669 572.505792069 319.329811389 348.293519142  308.69937726 190.871594603 899.779333757 322.135349656 186.322654044 217.248755801 896.327915451 1118.48733775  164.16219527 261.879361371 673.740564197 853.060409728 670.390779329 780.073659605  835.44527953 176.971760244 741.288636757 525.311001649 774.319932102
  498.51398622 1007.99805759 256.051645535 161.610171388 760.909539725 406.526111461 944.785153063 521.765622104             0 249.795985909 747.589343045 183.378150555 346.452787508 230.871901428 376.618826525 665.746506575 253.251516896 495.717323435 420.371782902 92.9826235917 250.574337483 838.576956829 943.612334585 1058.23584122 1114.65870471 42.3120042068 271.732067486 458.426700772 958.417523864 809.126009614 738.131408217 119.813600902 210.817205417 888.695062919 976.101183323  581.53136114  452.09317161 324.279192229 980.635899434 997.513443298 884.317854115  1006.9543507 1073.17549204 880.351220002 749.385201899 338.478803208 473.974793802  773.43946374 265.062938701 333.698102437 646.031321436 731.859769995 423.858666781   371.4961984 1051.40659771 346.505274318 568.805335011 739.841808976 536.335130814 504.669575245 780.845675132 430.971037194 351.605175356 487.979894656 674.255490772 655.523686508 350.215206492  683.68876655 495.938683387   348.6967433 628.938053413 294.502070833 326.715120166 80.8634712216 230.506261045 651.934043353 514.192190818 99.0820238187 366.593229175  725.63685108  706.34349508 213.095287693 670.260193265 770.984714233 205.048236998 336.448652284 353.300646596 757.623811957 975.089537311 605.118568786 577.661595388 258.479929205 544.976666246 526.846457727 519.536040221 1014.23028633 347.100702578 594.681586876 392.985779825 872.835407371
 547.181795809 758.975371245  129.80377263 224.819655529 608.426715729  156.74015007 774.776238759 545.007428443 249.795985909             0 563.419297548 339.624571592 321.981614786 369.431722337 420.209172643 419.267357357 279.990825739 583.383927521 291.863012696 158.408267139 309.674958699 697.211908542 693.826330225 902.745789324 951.587015363 210.300471222 119.400946881 260.840830755 724.424957009 709.965371557 488.385830315 226.452552754 41.4719483507 717.357896814 736.769071182  394.90526733 271.142016294 309.996170094 768.183424192 816.911488399 735.982279598 843.368912724 909.135739883 643.065206615 507.940234887 216.609984232 251.439346817 697.972167105 292.959319676 213.698983194 599.164324796 508.500590836 180.039996081 307.011827463 851.446502782 204.611055737 351.833953565  500.99292524 304.906369853 543.162541398 614.853314973 518.020265507 390.500816164 350.809678527 595.873168898  407.11164096 364.770282257 672.419036544 496.198045526 384.609972856 669.622192123 333.130462992 228.652148315 174.803103891  285.55289583 409.116217144 294.922324096 156.097299925 118.336804338  632.78552853 592.999153735  301.84940014 630.464545373  522.19334848 328.729175158 379.078614886 467.056733219 509.352832686 730.247010308 558.247693607 479.122785559 146.724222574 334.060000337 277.408702683 286.336923361 798.331521729 382.673969214 344.983999004 160.453076309 644.200659677
 588.565972731 641.474355751  493.56355107 607.083194722 118.181683018 477.184403352 214.274901566 539.126183052 747.589343045 563.419297548             0  695.48406192 467.897338452 682.153481229 556.305529497 352.843902508 842.290124727 675.039839565 780.693080263 683.754081974 581.850293894 196.080724246 554.821484305 350.238603152 391.906459827 724.003247143 662.901648568 671.199642018 336.964659486 311.458816143 465.281866737 645.720313158 579.725296196 157.688056926 388.127275105 169.399959932 704.367784989 862.038013097 261.200015248 253.792102523 209.323623712  285.67456934 349.584622314 312.570885914 303.409626171 738.202811567 322.615897355  365.89567227 547.315464193 737.635821701 401.653500226 177.663259187  419.70295839 838.693536708 307.420258911  715.82117421 230.811324802 622.456253991 593.332353975 568.109656813 80.7369905619 648.669056726 548.436119275 272.086162518 324.270050473 491.095907217 514.010611354 508.247759652 485.927451707 943.022114859 620.135937188 894.443435987 761.207579611 702.797596652 581.183935832 556.702013235 632.195615059 655.849756528 477.718357651 295.846565795 230.935558198 616.979951007 426.996889222 517.175984815 656.944552584 554.268079812 675.696416058 524.099186713 697.488356708 393.936249076  277.33835235 698.262598076 669.973053345 422.259550971 581.989838394 300.474828813 543.687312848  447.65566561 411.875893644 249.591965179
 324.644573335 1073.36765693 266.276002017 120.385133372 680.760674535 479.083091951 870.472577592 355.791115472 183.378150555 339.624571592  695.48406192             0 235.042151201  47.929006833 214.937173565 705.099352741 434.948785961 313.317259794 580.254228539 232.976105532 116.656320712 745.760964924 999.800986632 968.236926712  1029.2715178 208.563091608  411.22709585 591.115359511 958.325443101 689.031095776 799.918254072 114.260156223 299.470861182 817.752446581   986.1678687 545.165516637  593.13482903 504.166448993 948.292705564 930.856303289 794.742559158 925.059527221 989.690938622 888.867143561   771.5071137 495.875619586 487.312171004 641.017676556 149.161195182 491.311564782 504.868027346 724.075060543 473.609661154 545.270708637 1002.48840896 497.927824325 564.837773427 836.854058934 644.419327783 333.916313535 710.586258135    249.819997 196.747343708 423.398020833 548.966565664 730.291114165 210.814902616  523.82999842 342.179525707 532.073955267 453.096353813 477.739846772  490.13937538 234.852899094 114.306247432 742.682423409  633.42699874 204.334832373 433.653356138 605.937850252 601.101523423 78.5504985089 524.071442138 841.361161287 40.5733825186 182.577156186  170.17444941 830.988209803 1057.66070483 466.733175732 473.246441758 410.192023034 670.769693932 587.004243198 625.718934197 985.224968851 195.158066533 661.674579681 430.475238823 866.476379787
  232.41832662 928.148643732 192.832122586 184.887690764 445.944735353   394.6270902 635.786299724 223.526396531 346.452787508 321.981614786 467.897338452 235.042151201             0 215.226995651 120.649181286 549.720537209 546.164452181 287.776992635 613.236461799 328.778144094 118.386385556 511.291590122 846.997385574 733.798978151 794.440089791 343.236511216  436.44095421 573.093951199  755.64376519 464.738690983 663.041037385 226.737756673 300.182780186 583.612120019 790.565232851 332.054120536 588.901702511 599.720303556 725.921925186 697.032242847 560.000215345 690.023492112 754.723039601 694.740331509 594.284698212 534.812926771 328.609583433 427.001588192 88.0504426167 531.363770683 302.514956918  523.07955371 361.251709938 615.693398868  772.77948873 525.451993798 377.717115568 742.142402754 581.995571554 224.942016017 477.067577264 231.894934641 97.6477317965 199.275519922 328.105643865 614.226149643 59.4973996911 357.267874262 174.769411569  655.25122453 348.806104821 598.482899329 542.004082406 343.393938109  125.78189258 646.337436367 588.914235089 289.809975591 353.347720486 381.019901564 368.884785333 158.258251049 329.309758584 712.113095246 194.726434004 96.3026606694 223.029506839 705.987607597 933.318715046 260.949606924 239.848343138 454.880712664 632.422856349 467.965737216 562.757311945 764.054180136 90.1443888991 542.283473432 313.397440278 661.558015926
 278.489541154 1088.23361075 282.378827227 144.794132979 659.747464179 501.353781549 849.656837169 311.932148688 230.871901428 369.431722337 682.153481229  47.929006833 215.226995651             0 174.794095564  715.88801586 481.483856121 265.401164528  620.91321909 275.309497121  101.56906786 720.650622549 1012.66278096 942.672861161 1004.69807078 254.437331437 449.022485505 625.482063904  956.83474083 656.610907788 815.483354806  150.51215511 330.670843167 798.194389738 987.173857249 538.262538858 629.388365549 550.036498965 938.327969506 911.777134932  770.20210139 901.885743507 965.789708986 890.086511411 777.216484875 536.460396559  494.94125561 605.375399963  136.92793937 531.975004023 467.607603715 722.432267067 490.626631012 589.401193064 987.802605082 537.209243983 566.373179564 860.943031743 672.624101599 288.671699668 692.068668381 201.977083029 160.479185167 411.099461966 516.107702195 749.675544713 180.916849268 480.916361521 302.578745012 579.516616902 406.120666923 524.947732646 532.074343995 278.736608297 109.845027607 765.882899859 664.339917305 244.046285006 455.702381045 574.230013712 573.665250017 76.8327260482  485.15277194 858.776657304 40.8834774573 147.565712904 122.437230678 849.225368495 1077.00036352 430.686779069 447.711555139 450.380563987 702.928860021 604.457341367  653.65593996 975.937999357 160.369752675 679.838460592 445.633532392 863.950914546
 129.557498247 1047.74241548  297.05379804 230.828254841 513.265514316  510.29374978  701.05094026 145.152090708 376.618826525 420.209172643 556.305529497 214.937173565 120.649181286 174.794095564             0 669.372415619 608.112611871 168.868619373 705.338280317 387.899589483  128.94623851 563.635471928 965.989914064 783.073444715  846.74513376 386.753301851 526.783655738 678.523794962 861.553688422 486.796486294 783.537797335 264.138850228 391.527516276 653.233852652 899.508080569 438.243182667 691.154010357 669.321731625 817.404916185 766.739536818 613.921573569 747.471833039 809.416639682 804.954345511 710.344523094 623.520216641 449.029171837 432.044660927 130.364947099 619.632356467 293.362942518 632.115682837 480.091562052  695.24357896 853.197619704 617.538663671 493.658538921 861.538408459 696.516584641 130.689187101 551.463166445  111.26565963 29.8004150978 302.215686762  346.52106492 734.609747575 61.8469370705 309.866001705  127.79611874 713.867336275 258.669383499  657.28912094 626.598678972  398.34128686 152.815034267 765.560291999 700.293323442 349.487902693 467.492586733 405.981195671 413.507855191 163.547598515 310.359457087 832.740491953 178.921362148 43.0315792064 119.839791739 826.635924942  1053.9357618 257.551862158 295.153704488 539.517660097 743.052278421 588.098691606 677.178807156 856.471391035 37.5359079416    662.657462  432.10405003 767.093517361
 758.896093019 378.429370664 439.725169653 586.957413008 462.594342363 267.065810341  539.80843328 726.310968642 665.746506575 419.267357357 352.843902508 705.099352741 549.720537209  715.88801586 669.372415619             0 648.296454571 830.527055837 512.008371749 576.851856806 621.950372607 548.254048244 298.247081185 679.532152328 704.984767753 628.201363909 463.812922413 385.010961436 325.868069584 645.709396781 124.996568533 609.636563024 455.629891492 491.738993038 325.565310362 284.706328068 420.627008697 639.864085639 424.166772878 548.458951675 560.927501327 611.118199997 665.889185293 240.126001646 102.231003018 501.181530522  223.09792599 681.542736216 589.223640435 502.671881968 662.326429599 187.231539565 241.976787833 594.082705186 530.265143815 475.768900124  190.40511105 269.968998313 278.083789186 743.895380546 433.273294273 780.249198639 647.323855952 393.642169206 606.969718524 140.204224787 609.188951014 768.872616172 665.286528642 726.635761551 840.051745228  691.29504684 529.362635381 593.840311778 607.244808632 207.695011324 324.666109985  567.64430373 300.938858631  604.31850362 539.030451708 639.071640745 694.754958449 179.286224596 678.003249022 644.568090458 768.189677736 180.815650927  392.71651788 636.127429876 505.830933934 499.897854591  352.14677129 148.834184464  274.00578305 441.891926867 639.685582965 118.341525899 277.743697397 267.877561563
 735.848263903 924.219472795 382.452626385 377.374856028 887.842404699 390.021144855 1054.44338371  750.80808733 253.251516896 279.990825739 842.290124727 434.948785961 546.164452181 481.483856121 608.112611871 648.296454571             0 743.317437258 217.984721873 220.604703749 479.312401472 975.770951761 877.102756166 1182.72057305 1231.44013135 227.389793197  187.23118792 314.244554016 971.167972526 979.154849771  679.03938098 345.618482042 272.252310716 997.036584431 973.842785862 674.462359096 290.494718262  73.537347117 1035.18633038 1095.20484188 1015.40573673 1123.28381144 1188.98024149 886.357616794 747.356464283 164.915649679 524.313136957 958.738512241 482.145361451 161.343311594 845.895597802 772.150923632 436.950589432   135.8604063 1124.07155606  187.82366574 624.009668205 624.309389544 426.396802503 738.783529697 894.842846605 677.235269821 580.080240364 624.930263983 856.278563531 585.255545646 568.652211578 901.917393171  714.84118384  109.63757335 866.297855781  54.055054167  137.68663417 209.877620589 455.322149974 555.889320797 386.887115867 259.585942166 372.571527996  899.04219498 865.043514256 449.095452661  874.35359942 695.523589087 451.180446538 565.475610553  603.17110917 678.695127621 866.898082859 804.104937602 744.699512174 150.276386981  399.73897644 499.834101488 416.142702267 1062.66486971 574.033616789 545.206607907  432.56629112 899.597130526
  87.729365648 1207.90738582 463.943972097 376.101722402 608.728182181 679.105080648 785.639909107 141.912478563 495.717323435 583.383927521 675.039839565 313.317259794 287.776992635 265.401164528 168.868619373 830.527055837 743.317437258             0  862.14311845 528.819405937 276.762178639 637.976289842 1124.67555006 843.909299044 909.712939699 516.101457268 684.319119121 843.504602682 997.843140759 528.606056773 947.404650819 400.102377305 551.835295147 745.108095968 1040.12314971 581.935731095 854.385687246 809.580338524 933.752027932 855.097384688 687.579624425 820.298083333 876.652157915 948.321839324 863.975520876 778.808086569 613.258411036 457.483017154 290.439383908 774.668969907  324.52680036 775.614975078 648.633083878 843.028349628  953.82593725 775.113374861 648.928228263 1029.85133179 865.061170839 109.201030783 653.441711666 66.8954996543  196.81830907 448.032980476 401.216677762 901.681483044 230.403087097 280.615446535 189.186799439 843.789551579 160.615162503 788.612662821 779.011685097 535.712014743 301.900150131 933.972645263 867.877668442 492.899510264 636.118404243 460.072388194  490.17119948 297.604627325 324.097311052 997.572667954 292.243471116  206.00441786  143.69493315 992.147971954 1218.47589766 305.823225763 398.284207274 693.239286763 910.287487418  755.68197908 845.710769019 973.478726216 205.009163971 829.774088613 600.676797841 903.844620719
 834.183051291  730.58261391  421.66085661 487.409861357 852.153152947 304.578907162 994.112726069 835.390002675 420.371782902 291.863012696 780.693080263 580.254228539 613.236461799  620.91321909 705.338280317 512.008371749 217.984721873  862.14311845             0 347.675794961 585.420866834  944.70064398 693.926860135  1130.8656524 1170.87577277  381.99397278 178.554629175 128.825951566 836.192701061 980.787284572 509.774059921 470.810990013 314.538362048 938.230749448 828.057078494 626.575220516 94.3825451024 165.150082922 929.237231883 1022.57697898 976.567951603 1066.11735602 1128.93575212 750.468909627 614.206306501 84.4533813237  462.34591679 977.906751915 575.340012692 88.9638279415 887.575790302 670.237437729 363.297246074 97.4504922204 1029.18357446 87.9706114222 549.980576356 424.018186305 246.598930016 831.704536158 846.858003227 795.478657237 675.561247915 622.364201522  877.33964313 415.719161195 653.066867898 963.910615458 787.789295985 242.283759489 959.184439324 231.740009055 94.1011670119 348.535202827 560.255977972 371.168700687 199.715756739 376.866963392 314.369648899  908.41650503 861.379158542 567.366122592  919.53574863 514.611430395 583.462189983 662.954296793 733.909101026 496.562229382 663.286220542 847.247879503 758.182699814 170.604766364 197.311626462  376.27334984 243.589117433 950.772916847 668.089340806 395.883662129 383.466816532 778.555809188
 516.249027642 915.334709035 191.724729832 157.078452787 708.746246498 314.945343401 887.498546746 530.213958885 92.9826235917 158.408267139 683.754081974 232.976105532 328.778144094 275.309497121 387.899589483 576.851856806 220.604703749 528.819405937 347.675794961             0  259.41666353 791.192937674 851.632424803 1006.99088181 1060.78569102 52.0203326595 185.246142443 371.304533677 875.895396068 776.951706819 646.058489063 128.764637339 121.400074967 830.589089505 891.134726467 515.084074866 368.086910686 282.047432743 907.157134397 936.474830757 834.724072074 952.407349572 1018.76242278 796.237817162 663.160049364 263.489228336 393.832102869 749.566985175  261.58299724 258.863533546 630.782133755 653.223292063  335.77146375  315.04730434 983.082113111  267.25782982 491.579472603 647.344901821 444.427818496 518.585140277 723.937594228 462.094157732 359.641712443 436.531811471  647.89323649 562.765265155 348.248721715 682.377899523 494.792798341 328.098127386 646.404827892 271.234309085 257.170234757 19.0792038618 235.101338714 559.035841502 423.921549181 39.2086456027 276.337613844 694.757885139 667.732694829 231.626537575    658.067284 678.287232804 240.030969123  345.12743474 392.866344913 664.811439466 882.139044837 589.056483709 542.119441692 178.649706342 456.336370837 435.809221511 427.369968194 939.448146623 353.507558957 502.570269719 308.519318074 792.479616587
 256.838928331 997.219891187 201.129200943 102.484154253 564.204357473 423.423336878  753.97935591 273.194994473 250.574337483 309.674958699 581.850293894 116.656320712 118.386385556  101.56906786  128.94623851 621.950372607 479.312401472 276.762178639 585.420866834  259.41666353             0 629.318363789 919.829855583 851.821071667 912.695826662 258.216085062 407.568362664 570.512231921 855.792185574 576.566316217 725.928850641 135.412526164 276.089086211 701.490664117 886.836102409  436.69367433 579.491941605  541.27368937 837.142618563 814.742919359 678.196724832  808.40429655 873.060436863 789.886689906 679.341526156 502.248362707  399.42718127 532.482716804 35.3811567081 498.153187179 399.867531314 621.468249051 405.116032465 569.530504143 888.184214953 498.351818206 466.728780775 782.722815339 603.129591257 259.515932769 594.564767073 210.254505933 101.873585831  310.21910657 437.421428754  665.09952047 101.515947225 433.123317273 245.440752714 584.921310466 387.043824643 528.346541024 503.235001473 269.473456402 25.2083761476 686.779206678 600.595988153 221.379422488 378.229314681 493.055709153 485.469827615 41.6534076637 422.175211526 771.202284014 76.3955869472  86.872385952 159.328055765 762.695979689 991.158016591 360.031962383 357.108606271  416.94491267 641.593207735 518.325417962 583.833588411 874.635264553 96.7949666718 594.071297359 358.371142513 762.726059018
 551.191062025 824.578205172 601.167027068 682.716267204 92.9599991932 640.922151298 150.597371796 496.173122187 838.576956829 697.211908542 196.080724246 745.760964924 511.291590122 720.650622549 563.635471928 548.254048244 975.770951761 637.976289842  944.70064398 791.192937674 629.318363789             0 739.489491664 222.510611815 284.084189274 823.215340506 807.996084041 844.453537286 486.005907804 147.206763093 661.293266535 724.609381518  704.24937965 125.537155974 543.063664295 318.689859873 875.797999331 1005.94252168 352.527715733 221.378399079 50.3963463457 184.342167944 245.866156814 485.289930141 497.746481914 892.645216592 483.012363843 222.465558763 599.023802298 891.374672136 318.782003023 372.528295634  581.94064745 992.063727447 332.388170083 872.315835844 406.610829184 818.133565048 777.130799601 529.532347606 115.346530256 631.002658509  566.16194037 354.772247817 237.660767618 685.402615285 540.041868859 406.063413999 458.476576812 1081.77334706 540.330928124 1029.48320154 912.796936942 809.517693781 636.448586525 750.089536008 812.888995242 757.728203293 632.010778903 182.164923865 150.777629272 669.549693752 331.002123188  712.95792359  705.23062026 576.431980883 680.239573518 720.107550203 887.645396296 332.176786553 272.961532427 840.886564966 852.809428017 605.104668788 764.211267143 389.363480945 564.019479083  638.34311078 563.001884704 414.686383236
  1050.0763724  87.397863136 733.544448705 880.425520654 672.808399595 537.148710863 672.340497471 1013.93568737 943.612334585 693.826330225 554.821484305 999.800986632 846.997385574 1012.66278096 965.989914064 298.247081185 877.102756166 1124.67555006 693.926860135 851.632424803 919.829855583 739.489491664             0 796.108875316 797.255087961 903.652639011 708.341878531 570.117936682 300.055668541 866.213102225 205.608443405 900.059677905 733.448149045 642.940535363 249.900532222 555.935064739 601.125868885 849.368167956 468.471736456  648.76508326 733.580076975 731.647181772 767.333072349 260.063778749 268.018698154 714.565266355 521.344476245 918.395284168 887.326376152 717.521342795 927.512401665  384.36331278 528.230446773 789.320843441 575.365729655   690.2513141 476.305905477 282.790689561 452.495858694 1033.93615779 629.847221337 1076.42586261 944.644844187 680.475562694 861.284158434 294.100964849 906.365954352 1036.35526256 953.190984799 933.185264841  1122.0170595 910.438782679 743.250647047 866.947263379 904.613853119  323.64457291 496.244444362 848.435719353 578.508508133 844.845956879 778.156931078 935.839749978 957.879690725 181.604671235 974.211480195 942.284164264 1066.33266008 198.751181056 160.816550699 907.175092486 775.796135853 740.535109357 498.083206957 418.054228807 461.243358627 460.084306215 937.097858378 349.081887303 569.488445257 332.737472671
 759.249816274 872.840535526  815.62734382 903.942753859 298.258664942 826.994102295 140.154816803 703.898047434 1058.23584122 902.745789324 350.238603152 968.236926712 733.798978151 942.672861161 783.073444715 679.532152328 1182.72057305 843.909299044  1130.8656524 1006.99088181 851.821071667 222.510611815 796.108875316             0 66.0219871596 1041.19595576 1008.08474235 1020.86749125 502.395149433 317.431574155 773.191401701 945.620200029  913.84144815 193.277037654 559.468054988 510.369998971 1054.29599838 1207.36154328 333.734174972 147.563557225 174.381169126 68.4927541663 45.0484854192 538.359960535 603.150033767 1086.74462869 671.007414789 394.315103465 821.502084146 1085.99002026 519.425518066 492.308233429  769.08382589 1187.14851151   247.4615379 1064.81569108 581.049829643 939.215496975 938.592123852 737.785934931  288.13670863 843.763513825 787.021671845 571.261998364 444.783628924   819.5188852 761.875266841 587.522654805 672.388873787 1286.31852534 728.223873811 1235.82668706 1108.99969925 1025.59919529 858.892706233 887.206489026 979.293327074 974.787391471 825.345279959 384.753733827  369.87320598 892.056423888 523.378157227  818.65782873 927.697710201 797.703091003 897.888922709 829.870335226 955.248102568 540.768070591 495.207667493 1042.55165769 1015.48096512 769.522912399 928.447681356 354.676272419 785.186497363 786.519556272 757.993436093 467.359909973
 824.882886129 870.433745614 869.099753383 962.017191018 353.782915914 868.514927034 177.678423386 769.524626264 1114.65870471 951.587015363 391.906459827  1029.2715178 794.440089791 1004.69807078  846.74513376 704.984767753 1231.44013135 909.712939699 1170.87577277 1060.78569102 912.695826662 284.084189274 797.255087961 66.0219871596             0  1096.3595291 1054.17269173 1057.71978137 498.740083893 383.452176537 791.304342211 1003.41768607 964.528232253 234.811123826  553.82694928  557.14578679 1091.74028807 1253.45214496  329.03721045  157.18054818 234.575999355  108.50509067 42.4683296862 544.276686186  622.47790343 1130.06408257 714.513487356 460.227350865 881.839610845 1129.52281223 585.276209284 518.919001159 811.417331582 1230.55599408 228.823415053 1107.56837924 621.304490243 958.247193742  970.73435423 803.392836459  337.62282484 908.965879012  850.01880646 626.784346898 510.148837423 843.888310462 824.125658276 653.365545873 737.322577097 1333.67854789 794.144845962 1284.14510458 1153.11138999 1079.53572575 919.042951404 911.809776798 1012.84898679 1029.43207933 869.570425083 450.259487815   433.2476391 952.604506039 589.395702024 834.260914859 988.788399898 860.433359484 962.181488117 846.572839356 957.689714017 606.178208293 556.986771419 1089.20422611 1047.52247189 804.121964894 961.604753782 343.102767161 847.987862528 815.703033291 803.284342349 475.913059101
 512.181422796 967.249204867 230.460446847 160.638857927 743.127134389 366.920090319 924.671535741 531.402497971 42.3120042068 210.300471222 724.003247143 208.563091608 343.236511216 254.437331437 386.753301851 628.201363909 227.389793197 516.101457268  381.99397278 52.0203326595 258.216085062 823.215340506 903.652639011 1041.19595576  1096.3595291             0 229.775191437 416.517884803  924.93000514 800.963950453 698.078622059  122.83970059 172.572319565 868.125621784 941.150765824 556.392954061 410.792672325 295.660024577 952.206912515 975.555567355 867.935602787  988.24918193 1054.58261148 845.897378207  713.60115586 299.220739757 441.526779007 769.088566027 267.320339056 294.465604256 645.375938148 700.488828702 386.752229554 338.136403757 1025.73875843 306.167564856 538.060402071 697.720990403  494.07939996 516.670617103 760.759407561 450.227164885 360.085102576 469.941208119 668.554026999  614.64223608 354.166893509 689.441896329 501.169905581 328.806621843  642.90323773 272.947513535 288.946908488 38.5655672589 235.834197607 610.119911527 471.902936522 68.2669825318  328.00070155 717.939790981 694.974887318 224.474208757 671.059053142 730.192397359 223.873011585 345.083620712 375.821414138 716.645194559  933.36340375 603.979349986 567.432482033 217.728608139 502.858345593 487.705724059 477.329727618 985.112023807 354.807419046 554.590317738 358.012596573 840.571328145
 655.663192834 763.163667344 247.107980326 311.225673549 717.587720801 202.806454532 876.579031639 657.631967692 271.732067486 119.400946881 662.901648568  411.22709585  436.44095421 449.022485505 526.783655738 463.812922413  187.23118792 684.319119121 178.554629175 185.246142443 407.568362664 807.996084041 708.341878531 1008.08474235 1054.17269173 229.775191437             0 186.746651218 784.859345734 827.240473651  505.37593767 298.594615861  136.50845776 819.361570015 789.184083556 497.738766854 183.068047338 199.322045928 848.480625744 914.147678855 844.731167997  946.67968844 1011.72890738 700.392216202  561.59294314 98.4205064049 341.484330914  816.93493511 396.816620636 95.1180843478 718.381738299 585.279441939 250.689168663 188.153983604 938.743390992 90.8766247723 439.900159919 477.584376199 272.307062349 653.363282055  720.07369071 617.800283101  497.00689681  467.25421587 714.972280313 414.241772294 474.801292772  790.03241896 611.206267131  280.72065369 781.027927665 235.438009941 109.313358493 191.944108579 382.468374197 396.447774268   244.6672298 207.221613892 187.254298314 750.969419513 709.466113273 391.320879046 749.536270526 528.428296802 410.246526416 484.414647016 558.440538809 512.876844228 718.096617208 677.368724027  597.74095097 36.9685958889 273.445445515 314.980300654 257.536640321 875.619127346 489.539942732 366.231102433 251.026831723   712.4299324
 803.318784908  611.94975377 382.085805154 482.598638598 751.493604447 208.620042597 882.400683641 796.139313418 458.426700772 260.840830755 671.199642018 591.115359511 573.093951199 625.482063904 678.523794962 385.010961436 314.244554016 843.504602682 128.825951566 371.304533677 570.512231921 844.453537286 570.117936682 1020.86749125 1057.71978137 416.517884803 186.746651218             0 708.060244246  894.14815112 381.794327796 476.980137794 296.128742538 827.607145958  699.28261193 526.218223497 35.6267170674  279.47421899  805.30399116   906.6965342 872.822463263 954.834418794 1016.22633233 622.427394504 487.005168699 149.395923807 363.089947105 899.638891156  553.15796429 153.156797006 822.712534032 549.306892156 266.315706311 220.106430658 907.240591721 128.006685048 441.230491285  310.06551331 118.813293743 797.593600053 741.404678593 778.511274216 649.044214415 543.644680784 802.089559312 287.421442377  620.96742448 908.312882018  743.23357748 363.128982998 921.666015901 342.028316114 176.799681923 378.656500767 546.325205891 246.475715236 74.0009992703 389.912851726 233.464561422 826.751580294 774.550389659 561.299842353 855.773199268  389.36635565 585.404552877 638.283401226  727.45917656 371.652418211 552.685288075 784.213511302 682.371276416 204.014350723 88.7973342393 255.241753781  114.77675868 825.572918051 641.064196717  267.92497171  297.75710633  652.45258115
